1001 , 66643
1001 , 189768
1001 , 73143
1001 , 126024
1001 , 66643
1001 , 189768
1001 , 73143
1001 , 126024
1001 , 66643
1001 , 189768
1001 , 73143
1001 , 126024
1001 , 66643
1001 , 189768
1001 , 73143
1001 , 126024
1001 , 120889
1001 , 66643
1001 , 189768
1001 , 73143
1001 , 126024
1001 , 66643
1001 , 189768
1001 , 73143
1001 , 126024
1002 , 135841
1002 , 135841
1002 , 135841
1002 , 135841
1002 , 136144
1002 , 199314
1002 , 193876
1002 , 135841
1002 , 135841
1002 , 135841
1002 , 135841
1002 , 136144
1002 , 199314
1002 , 129556
1002 , 129556
1002 , 129556
1002 , 98322
1002 , 129556
1002 , 135841
1002 , 135841
1002 , 135841
1002 , 135841
1002 , 136144
1002 , 199314
1003 , 205797
1003 , 90558
1004 , 115935
1004 , 59040
1004 , 115935
1004 , 116557
1004 , 115935
1004 , 115935
1004 , 115935
1004 , 115935
1004 , 115935
1004 , 115935
1004 , 115935
1004 , 192024
1004 , 192024
1004 , 115935
1004 , 59040
1004 , 115935
1004 , 116557
1004 , 115935
1004 , 115935
1004 , 115935
1004 , 115935
1004 , 115935
1004 , 115935
1004 , 115935
1005 , 17092
1005 , 17092
1005 , 169865
1006 , 105947
1007 , 43199
1007 , 43199
1007 , 43199
1007 , 43199
1007 , 43199
1007 , 43199
1007 , 43199
1007 , 43199
1007 , 110294
1007 , 110294
1007 , 110294
1007 , 110294
1007 , 75962
1007 , 43199
1007 , 43199
1007 , 43199
1007 , 43199
1007 , 197517
1007 , 110294
1007 , 110294
1007 , 110294
1007 , 110294
1007 , 75962
1007 , 43199
1007 , 43199
1007 , 43199
1007 , 43199
1007 , 43199
1007 , 43199
1007 , 43199
1007 , 43199
1007 , 110294
1007 , 110294
1007 , 110294
1007 , 110294
1007 , 75962
1007 , 43199
1007 , 43199
1007 , 43199
1007 , 43199
1007 , 139628
1008 , 181686
1008 , 19828
1008 , 118432
1008 , 181686
1008 , 19828
1008 , 118432
1008 , 238
1008 , 165236
1008 , 181686
1008 , 19828
1008 , 118432
1011 , 216088
1011 , 216088
1011 , 216088
1014 , 102371
1014 , 170711
1014 , 20169
1014 , 102371
1014 , 102371
1014 , 102371
1014 , 102371
1014 , 102371
1014 , 102371
1014 , 102371
1014 , 102371
1014 , 102371
1015 , 1039
1015 , 1039
1015 , 1039
1015 , 1039
1015 , 28813
1015 , 28813
1016 , 189697
1016 , 189697
1018 , 108464
1018 , 164844
1018 , 211989
1018 , 136823
1018 , 70627
1018 , 170619
1018 , 55165
1018 , 165224
1018 , 57783
1018 , 121831
1018 , 108464
1018 , 164844
1018 , 36908
1018 , 206606
1018 , 209987
1018 , 165237
1018 , 204139
1018 , 66544
1018 , 66544
1018 , 66544
1018 , 66544
1018 , 204139
1018 , 204139
1018 , 117200
1018 , 117200
1018 , 117200
1018 , 117200
1018 , 117200
1018 , 117200
1018 , 190926
1018 , 190926
1018 , 190926
1018 , 190926
1018 , 190926
1018 , 108464
1018 , 164844
1018 , 204139
1018 , 108464
1018 , 164844
1023 , 134132
1023 , 134132
1025 , 132882
1025 , 95846
1025 , 129685
1025 , 28813
1025 , 107046
1025 , 211639
1025 , 113632
1025 , 113632
1025 , 123916
1025 , 2327
1026 , 211930
1026 , 211930
1026 , 13864
1026 , 211930
1026 , 184826
1026 , 182351
1026 , 14615
1026 , 107314
1026 , 211930
1026 , 211930
1026 , 211930
1026 , 211930
1026 , 211930
1026 , 36111
1026 , 131155
1026 , 194967
1026 , 163663
1026 , 51583
1026 , 182937
1026 , 211930
1026 , 211930
1026 , 185327
1026 , 135405
1026 , 182937
1026 , 211930
1026 , 195314
1026 , 209927
1026 , 177031
1026 , 19930
1026 , 14704
1026 , 211930
1026 , 211930
1026 , 13864
1026 , 211930
1026 , 184826
1026 , 182351
1026 , 14615
1026 , 107314
1026 , 211930
1026 , 211930
1026 , 211930
1026 , 211930
1026 , 211930
1026 , 36111
1026 , 131155
1026 , 194967
1026 , 163663
1026 , 51583
1026 , 182937
1026 , 211930
1026 , 211930
1026 , 185327
1026 , 135405
1026 , 182937
1026 , 211930
1026 , 52231
1026 , 52231
1026 , 214380
1026 , 214380
1026 , 186379
1026 , 188448
1026 , 214380
1026 , 14795
1026 , 214380
1026 , 214380
1026 , 214380
1026 , 125110
1026 , 214380
1026 , 214380
1026 , 98699
1026 , 98322
1026 , 140738
1026 , 214380
1026 , 214380
1026 , 210510
1026 , 214380
1026 , 98227
1026 , 98227
1026 , 98227
1026 , 98227
1026 , 98227
1026 , 98227
1026 , 98227
1026 , 78516
1026 , 98227
1026 , 98227
1026 , 98227
1026 , 98227
1026 , 113794
1026 , 211930
1026 , 211930
1026 , 13864
1026 , 211930
1026 , 184826
1026 , 182351
1026 , 14615
1026 , 107314
1026 , 211930
1026 , 211930
1026 , 211930
1026 , 211930
1026 , 211930
1026 , 36111
1026 , 131155
1026 , 194967
1026 , 163663
1026 , 51583
1026 , 182937
1026 , 211930
1026 , 211930
1026 , 185327
1026 , 135405
1026 , 182937
1026 , 211930
1026 , 150157
1028 , 168861
1028 , 168861
1028 , 168861
1028 , 168861
1028 , 24033
1028 , 87306
1028 , 132391
1028 , 97095
1028 , 97095
1028 , 77329
1028 , 125350
1028 , 97095
1028 , 97095
1028 , 97095
1028 , 97095
1028 , 168861
1028 , 168861
1029 , 211930
1029 , 211930
1029 , 13864
1029 , 211930
1029 , 184826
1029 , 182351
1029 , 14615
1029 , 107314
1029 , 211930
1029 , 211930
1029 , 211930
1029 , 211930
1029 , 211930
1029 , 36111
1029 , 131155
1029 , 194967
1029 , 163663
1029 , 51583
1029 , 182937
1029 , 211930
1029 , 211930
1029 , 185327
1029 , 135405
1029 , 182937
1029 , 211930
1029 , 195314
1029 , 209927
1029 , 177031
1029 , 19930
1029 , 14704
1029 , 211930
1029 , 211930
1029 , 13864
1029 , 211930
1029 , 184826
1029 , 182351
1029 , 14615
1029 , 107314
1029 , 211930
1029 , 211930
1029 , 211930
1029 , 211930
1029 , 211930
1029 , 36111
1029 , 131155
1029 , 194967
1029 , 163663
1029 , 51583
1029 , 182937
1029 , 211930
1029 , 211930
1029 , 185327
1029 , 135405
1029 , 182937
1029 , 211930
1029 , 52231
1029 , 52231
1029 , 214380
1029 , 214380
1029 , 186379
1029 , 188448
1029 , 214380
1029 , 14795
1029 , 214380
1029 , 214380
1029 , 214380
1029 , 125110
1029 , 214380
1029 , 214380
1029 , 98699
1029 , 98322
1029 , 140738
1029 , 214380
1029 , 214380
1029 , 210510
1029 , 214380
1029 , 98227
1029 , 98227
1029 , 98227
1029 , 98227
1029 , 98227
1029 , 98227
1029 , 98227
1029 , 78516
1029 , 98227
1029 , 98227
1029 , 98227
1029 , 98227
1029 , 113794
1029 , 211930
1029 , 211930
1029 , 13864
1029 , 211930
1029 , 184826
1029 , 182351
1029 , 14615
1029 , 107314
1029 , 211930
1029 , 211930
1029 , 211930
1029 , 211930
1029 , 211930
1029 , 36111
1029 , 131155
1029 , 194967
1029 , 163663
1029 , 51583
1029 , 182937
1029 , 211930
1029 , 211930
1029 , 185327
1029 , 135405
1029 , 182937
1029 , 211930
1029 , 150157
1030 , 75668
1030 , 64610
1030 , 187627
1030 , 1300
1030 , 107314
1030 , 40215
1030 , 47043
1030 , 96908
1030 , 96908
1030 , 64610
1030 , 146446
1030 , 146446
1030 , 146446
1030 , 87871
1030 , 52248
1030 , 205300
1030 , 205300
1030 , 205300
1030 , 205300
1030 , 205300
1030 , 205300
1030 , 170665
1030 , 75668
1030 , 64610
1030 , 187627
1030 , 1300
1030 , 107314
1030 , 40215
1030 , 47043
1030 , 96908
1030 , 96908
1030 , 64610
1030 , 146446
1030 , 146446
1030 , 146446
1030 , 87871
1030 , 52248
1030 , 182034
1030 , 57399
1030 , 93134
1030 , 93134
1030 , 211323
1030 , 30082
1030 , 93134
1030 , 204763
1030 , 37208
1030 , 37208
1030 , 178302
1030 , 131130
1030 , 131130
1030 , 52212
1030 , 93134
1030 , 108497
1030 , 144880
1030 , 93134
1030 , 93134
1030 , 34306
1030 , 75668
1030 , 64610
1030 , 187627
1030 , 1300
1030 , 107314
1030 , 40215
1030 , 47043
1030 , 96908
1030 , 96908
1030 , 64610
1030 , 146446
1030 , 146446
1030 , 146446
1030 , 87871
1030 , 52248
1031 , 91814
1031 , 192414
1033 , 210025
1033 , 70627
1033 , 55165
1033 , 210772
1033 , 210772
1033 , 182270
1033 , 178107
1033 , 208351
1033 , 525
1033 , 91904
1033 , 196697
1033 , 214894
1033 , 159930
1033 , 57399
1033 , 42444
1033 , 168199
1033 , 27254
1033 , 200189
1033 , 200189
1033 , 55165
1033 , 104536
1033 , 37880
1033 , 17649
1033 , 191429
1033 , 207889
1033 , 207889
1033 , 89614
1033 , 57677
1035 , 180682
1035 , 118506
1035 , 136942
1035 , 73495
1035 , 181049
1035 , 137877
1035 , 144982
1035 , 180682
1035 , 180865
1036 , 157399
1036 , 198147
1036 , 157399
1036 , 132771
1036 , 157399
1036 , 196877
1036 , 134102
1038 , 161332
1038 , 161332
1038 , 161332
1038 , 75590
1038 , 75590
1038 , 75590
1038 , 161332
1038 , 161332
1038 , 161332
1038 , 75590
1038 , 75590
1038 , 75590
1038 , 94227
1038 , 176776
1038 , 176776
1038 , 118031
1038 , 118031
1038 , 118031
1038 , 118031
1038 , 118031
1038 , 118031
1038 , 215523
1040 , 183732
1040 , 183732
1040 , 183732
1040 , 183732
1040 , 183732
1040 , 183732
1040 , 183732
1040 , 183732
1040 , 183732
1040 , 183732
1040 , 183732
1040 , 183732
1040 , 183732
1040 , 183732
1040 , 183732
1040 , 183732
1040 , 183732
1040 , 183732
1040 , 183732
1040 , 96930
1040 , 96930
1040 , 96930
1040 , 96930
1040 , 96930
1040 , 96930
1040 , 96930
1040 , 96930
1040 , 96930
1040 , 96930
1040 , 96930
1040 , 96930
1040 , 96930
1040 , 96930
1040 , 96930
1040 , 96930
1040 , 96930
1040 , 96930
1040 , 96930
1040 , 183732
1040 , 183732
1040 , 183732
1040 , 183732
1040 , 183732
1040 , 183732
1040 , 183732
1040 , 183732
1040 , 183732
1040 , 183732
1040 , 183732
1040 , 183732
1040 , 183732
1040 , 183732
1040 , 183732
1040 , 183732
1040 , 183732
1040 , 183732
1040 , 183732
1040 , 58041
1040 , 183732
1040 , 183732
1040 , 183732
1040 , 183732
1040 , 183732
1040 , 183732
1040 , 183732
1040 , 183732
1040 , 183732
1040 , 183732
1040 , 183732
1040 , 183732
1040 , 183732
1040 , 183732
1040 , 183732
1040 , 183732
1040 , 183732
1040 , 183732
1040 , 183732
1040 , 183732
1040 , 183732
1040 , 183732
1040 , 183732
1040 , 183732
1040 , 183732
1040 , 183732
1040 , 183732
1040 , 183732
1040 , 183732
1040 , 183732
1040 , 183732
1040 , 183732
1040 , 183732
1040 , 183732
1040 , 183732
1040 , 183732
1040 , 183732
1040 , 183732
1042 , 202088
1042 , 13509
1042 , 202088
1042 , 202088
1042 , 202088
1042 , 202088
1042 , 202088
1042 , 202088
1042 , 202088
1045 , 163317
1045 , 159465
1045 , 163317
1045 , 109784
1045 , 201465
1045 , 130188
1045 , 199740
1045 , 215725
1045 , 189572
1045 , 190689
1045 , 215276
1045 , 185154
1045 , 166237
1045 , 163317
1045 , 159465
1045 , 163317
1045 , 109784
1045 , 201465
1045 , 130188
1045 , 199740
1045 , 215725
1045 , 189572
1045 , 190689
1045 , 215276
1045 , 185154
1045 , 166237
1046 , 58010
1046 , 58010
1046 , 142474
1046 , 213518
1047 , 216088
1047 , 216088
1047 , 216088
1048 , 45564
1048 , 45564
1048 , 45564
1049 , 204986
1049 , 204986
1049 , 204986
1049 , 69585
1050 , 86802
1050 , 2455
1050 , 2455
1050 , 150117
1050 , 108428
1050 , 68793
1050 , 152686
1050 , 213770
1051 , 67300
1052 , 198015
1052 , 198015
1052 , 198015
1052 , 198015
1052 , 28009
1052 , 28009
1052 , 38223
1052 , 128780
1052 , 38223
1052 , 128780
1052 , 42357
1052 , 42357
1052 , 51621
1052 , 51621
1052 , 91617
1052 , 91617
1052 , 68659
1052 , 74317
1052 , 148481
1052 , 148481
1052 , 109682
1052 , 109682
1053 , 50587
1053 , 164019
1053 , 70085
1053 , 55461
1053 , 2988
1053 , 139464
1053 , 4311
1053 , 14712
1053 , 50587
1053 , 164019
1053 , 70085
1053 , 55461
1053 , 2988
1053 , 139464
1053 , 47071
1053 , 10954
1053 , 79592
1053 , 134350
1053 , 14588
1053 , 194603
1053 , 204763
1053 , 78516
1053 , 162107
1053 , 50587
1053 , 164019
1053 , 70085
1053 , 55461
1053 , 2988
1053 , 139464
1054 , 204780
1055 , 204781
1055 , 204781
1055 , 204781
1055 , 204781
1055 , 204781
1055 , 204781
1055 , 204781
1055 , 204781
1055 , 204781
1055 , 204781
1057 , 128489
1057 , 211533
1057 , 26351
1057 , 79592
1057 , 162075
1057 , 68136
1057 , 194603
1057 , 135539
1057 , 126197
1057 , 126197
1057 , 98699
1057 , 56742
1057 , 144880
1057 , 78516
1057 , 113794
1057 , 3576
1057 , 67491
1057 , 50587
1057 , 12487
1057 , 142622
1057 , 48561
1057 , 142622
1057 , 70085
1057 , 12487
1057 , 99454
1057 , 68183
1057 , 75668
1057 , 1306
1057 , 36111
1057 , 139464
1057 , 2033
1057 , 150157
1057 , 82379
1057 , 147545
1057 , 147545
1057 , 125724
1057 , 162765
1057 , 15143
1057 , 42000
1057 , 15143
1057 , 207847
1058 , 82211
1058 , 169987
1058 , 104020
1058 , 127145
1058 , 169176
1058 , 82211
1058 , 199710
1058 , 203423
1058 , 201662
1058 , 108938
1058 , 184813
1058 , 116561
1058 , 64689
1058 , 82211
1058 , 183014
1058 , 151794
1058 , 204982
1058 , 74154
1058 , 82211
1058 , 54298
1058 , 108938
1058 , 142447
1058 , 82211
1058 , 144904
1058 , 144904
1058 , 184813
1058 , 205724
1058 , 82211
1058 , 135102
1058 , 94383
1058 , 85264
1058 , 171148
1058 , 137803
1058 , 89830
1058 , 116379
1058 , 126173
1058 , 113142
1058 , 22767
1058 , 22767
1058 , 12393
1058 , 137731
1058 , 111442
1058 , 84511
1058 , 197985
1058 , 49161
1058 , 70409
1058 , 15463
1058 , 93326
1058 , 103931
1058 , 211800
1058 , 82211
1058 , 169987
1058 , 104020
1058 , 127145
1058 , 169176
1058 , 82211
1058 , 199710
1058 , 203423
1058 , 201662
1058 , 108938
1058 , 184813
1058 , 116561
1058 , 64689
1058 , 82211
1058 , 183014
1058 , 151794
1058 , 204982
1058 , 74154
1058 , 82211
1058 , 54298
1058 , 108938
1058 , 142447
1058 , 82211
1058 , 144904
1058 , 144904
1058 , 184813
1058 , 205724
1058 , 82211
1058 , 214803
1058 , 74382
1058 , 24771
1059 , 57603
1059 , 49162
1059 , 140939
1059 , 57603
1059 , 49162
1059 , 140939
1059 , 57603
1059 , 49162
1059 , 140939
1059 , 57603
1059 , 49162
1059 , 140939
1059 , 49679
1059 , 169865
1059 , 129173
1059 , 80703
1059 , 62849
1059 , 57603
1059 , 49162
1059 , 140939
1059 , 57603
1059 , 49162
1059 , 140939
1060 , 211929
1060 , 134211
1060 , 117904
1060 , 4306
1060 , 214380
1060 , 76007
1060 , 208929
1060 , 79592
1060 , 211929
1060 , 134211
1060 , 117904
1060 , 210510
1060 , 195404
1060 , 211929
1060 , 134211
1060 , 117904
1060 , 4306
1060 , 214380
1060 , 76007
1060 , 208929
1060 , 79592
1060 , 211929
1060 , 134211
1060 , 117904
1060 , 210510
1060 , 195404
1060 , 98227
1060 , 213215
1060 , 121863
1060 , 130208
1060 , 135405
1060 , 135405
1060 , 16450
1060 , 121863
1060 , 135405
1060 , 211930
1060 , 135405
1060 , 150111
1060 , 135405
1060 , 50587
1060 , 213215
1060 , 121863
1060 , 130208
1060 , 135405
1060 , 135405
1060 , 135405
1060 , 185327
1060 , 135405
1060 , 135405
1060 , 195401
1061 , 172308
1061 , 172308
1061 , 172308
1063 , 150089
1063 , 182683
1063 , 121771
1063 , 196894
1063 , 152685
1063 , 181758
1063 , 150089
1063 , 150089
1063 , 1654
1063 , 195580
1063 , 195580
1063 , 150089
1063 , 82709
1063 , 152685
1063 , 150089
1063 , 150089
1063 , 150089
1063 , 50660
1063 , 150089
1063 , 150089
1063 , 50660
1063 , 150089
1063 , 150089
1063 , 150089
1063 , 213845
1063 , 150089
1063 , 207086
1064 , 78023
1064 , 123423
1064 , 33673
1065 , 26555
1065 , 51694
1065 , 51694
1065 , 51694
1065 , 51694
1065 , 51694
1065 , 51694
1065 , 26555
1065 , 51694
1065 , 51694
1065 , 51694
1065 , 51694
1065 , 51694
1065 , 51694
1065 , 26555
1065 , 51694
1065 , 51694
1065 , 51694
1065 , 51694
1065 , 51694
1065 , 51694
1065 , 59424
1065 , 106684
1065 , 90298
1065 , 173440
1065 , 26555
1065 , 51694
1065 , 51694
1065 , 51694
1065 , 51694
1065 , 51694
1065 , 51694
1066 , 157539
1066 , 125099
1066 , 48935
1066 , 209963
1066 , 35151
1066 , 193971
1066 , 164650
1066 , 48935
1066 , 82567
1066 , 82567
1067 , 1068
1069 , 181985
1069 , 190723
1070 , 216074
1070 , 140144
1070 , 216074
1070 , 216074
1070 , 140144
1070 , 216074
1070 , 216074
1070 , 140144
1070 , 216074
1070 , 216074
1070 , 140144
1070 , 216074
1071 , 216075
1071 , 216075
1071 , 216075
1071 , 216075
1071 , 168540
1071 , 7710
1071 , 35854
1071 , 7710
1071 , 35854
1071 , 216075
1071 , 216075
1071 , 213259
1071 , 214209
1071 , 144272
1071 , 216075
1071 , 216075
1071 , 215615
1071 , 89531
1072 , 216076
1072 , 178015
1072 , 178015
1072 , 202874
1072 , 180510
1072 , 216076
1072 , 216076
1072 , 148732
1072 , 210053
1072 , 178131
1072 , 120662
1072 , 120662
1072 , 120662
1072 , 209437
1072 , 120662
1072 , 120662
1072 , 120662
1072 , 146698
1072 , 46578
1072 , 46578
1072 , 46578
1072 , 46578
1072 , 46578
1072 , 46578
1072 , 107089
1072 , 152884
1072 , 202169
1072 , 114985
1072 , 107089
1072 , 152884
1072 , 202169
1072 , 114985
1072 , 89614
1072 , 148738
1072 , 216076
1072 , 178015
1072 , 178015
1072 , 202874
1072 , 180510
1072 , 216076
1072 , 216076
1072 , 148732
1072 , 210053
1072 , 178131
1072 , 120662
1072 , 120662
1072 , 120662
1072 , 209437
1072 , 120662
1072 , 120662
1072 , 120662
1072 , 146698
1072 , 46578
1072 , 46578
1072 , 46578
1072 , 46578
1072 , 46578
1072 , 46578
1072 , 107089
1072 , 152884
1072 , 202169
1072 , 114985
1072 , 107089
1072 , 152884
1072 , 202169
1072 , 114985
1072 , 89614
1072 , 148738
1072 , 216076
1073 , 216077
1074 , 216078
1074 , 216078
1074 , 177848
1074 , 216078
1074 , 216078
1074 , 216078
1074 , 216078
1074 , 216078
1074 , 177848
1074 , 216078
1074 , 216078
1074 , 216078
1075 , 216079
1076 , 216081
1076 , 216081
1076 , 63333
1076 , 63333
1076 , 63333
1076 , 63333
1076 , 63333
1076 , 63333
1076 , 63333
1076 , 63333
1076 , 216081
1077 , 213555
1077 , 213555
1078 , 216082
1079 , 216083
1080 , 216084
1080 , 35874
1080 , 122527
1080 , 35874
1080 , 122527
1080 , 216084
1080 , 94363
1080 , 94363
1080 , 74890
1080 , 74890
1080 , 216084
1080 , 170588
1080 , 170588
1080 , 93303
1080 , 93303
1080 , 216084
1080 , 132805
1080 , 132805
1080 , 94544
1080 , 94544
1080 , 216084
1080 , 76745
1080 , 76745
1080 , 28570
1080 , 28570
1080 , 139106
1080 , 139106
1080 , 216084
1080 , 216084
1080 , 151886
1080 , 136953
1080 , 183578
1080 , 108875
1080 , 57073
1080 , 57073
1080 , 151886
1080 , 136953
1080 , 183578
1080 , 108875
1080 , 57073
1080 , 57073
1080 , 188146
1080 , 216084
1080 , 208079
1080 , 208079
1080 , 120940
1080 , 120940
1080 , 169748
1080 , 169748
1080 , 216084
1080 , 141330
1080 , 155793
1080 , 141330
1080 , 155793
1080 , 216084
1080 , 216084
1080 , 216084
1080 , 216084
1080 , 216084
1080 , 216084
1080 , 216084
1081 , 216085
1082 , 216086
1082 , 144268
1082 , 144268
1082 , 144268
1082 , 144268
1082 , 144268
1082 , 216086
1082 , 144268
1082 , 144268
1082 , 144268
1082 , 144268
1082 , 144268
1082 , 216086
1082 , 144268
1082 , 144268
1082 , 144268
1082 , 144268
1082 , 144268
1082 , 216086
1082 , 144268
1082 , 144268
1082 , 144268
1082 , 144268
1082 , 144268
1084 , 73285
1085 , 144302
1085 , 144302
1085 , 144302
1085 , 144302
1085 , 144302
1085 , 54952
1085 , 144302
1085 , 144302
1085 , 144302
1085 , 144302
1085 , 144302
1085 , 144302
1085 , 54952
1085 , 144302
1085 , 144302
1085 , 144302
1085 , 144302
1085 , 144302
1085 , 144302
1085 , 54952
1085 , 144302
1085 , 144302
1085 , 144302
1085 , 144302
1085 , 144302
1085 , 144302
1085 , 54952
1085 , 144302
1085 , 144302
1085 , 144302
1085 , 144302
1085 , 144302
1085 , 144302
1085 , 54952
1085 , 144302
1085 , 144302
1085 , 144302
1085 , 144302
1085 , 144302
1085 , 144302
1085 , 54952
1085 , 144302
1085 , 144302
1085 , 144302
1085 , 144302
1085 , 144302
1085 , 144302
1085 , 54952
1085 , 144302
1085 , 144302
1085 , 144302
1085 , 144302
1085 , 144302
1085 , 144302
1085 , 54952
1085 , 144302
1085 , 144302
1085 , 144302
1085 , 144302
1085 , 144302
1085 , 144302
1085 , 54952
1085 , 144302
1086 , 63224
1086 , 63224
1086 , 6728
1086 , 63224
1086 , 6722
1086 , 6728
1086 , 63224
1086 , 6722
1086 , 187981
1086 , 182731
1086 , 182731
1086 , 182731
1086 , 182731
1086 , 182731
1086 , 182731
1086 , 182731
1086 , 6728
1086 , 63224
1086 , 6722
1086 , 151911
1086 , 63224
1086 , 100413
1086 , 100413
1086 , 188618
1086 , 188618
1086 , 16333
1086 , 16333
1086 , 212358
1086 , 214894
1086 , 14622
1086 , 191507
1086 , 105150
1086 , 91630
1086 , 105150
1086 , 91630
1086 , 105150
1086 , 91630
1086 , 14622
1086 , 191507
1086 , 182731
1086 , 182731
1086 , 182731
1086 , 182731
1086 , 182731
1086 , 182731
1086 , 182731
1086 , 182731
1086 , 182731
1086 , 182731
1086 , 182731
1086 , 182731
1086 , 182731
1086 , 182731
1086 , 182731
1086 , 182731
1086 , 182731
1086 , 182731
1086 , 182731
1086 , 182731
1086 , 182731
1086 , 49578
1086 , 214894
1086 , 202874
1086 , 63224
1086 , 49578
1086 , 214894
1086 , 63224
1086 , 49578
1086 , 63224
1086 , 63224
1086 , 202874
1086 , 67791
1086 , 67791
1086 , 145227
1086 , 100413
1086 , 100413
1086 , 7848
1086 , 51305
1086 , 51305
1086 , 63224
1086 , 213787
1086 , 96992
1086 , 14622
1086 , 191507
1086 , 208536
1086 , 63224
1086 , 129248
1086 , 63224
1087 , 135860
1087 , 163333
1087 , 7347
1087 , 213876
1087 , 147393
1087 , 159436
1087 , 18496
1087 , 145535
1087 , 189264
1087 , 59594
1087 , 170700
1087 , 215488
1087 , 160961
1087 , 59091
1087 , 64735
1087 , 12645
1087 , 135860
1087 , 163333
1087 , 7347
1087 , 213876
1087 , 147393
1087 , 159436
1087 , 18496
1087 , 145535
1087 , 189264
1087 , 59594
1087 , 170700
1087 , 215488
1087 , 160961
1087 , 59091
1087 , 64735
1088 , 199338
1088 , 199338
1088 , 199338
1088 , 70311
1088 , 199338
1088 , 199338
1088 , 199338
1088 , 199338
1088 , 199338
1088 , 199338
1090 , 210308
1090 , 210308
1090 , 210308
1090 , 210308
1090 , 210308
1091 , 215521
1091 , 215521
1091 , 215521
1091 , 215521
1092 , 215521
1092 , 215521
1092 , 215521
1092 , 215521
1093 , 210311
1093 , 210311
1093 , 210311
1093 , 210311
1093 , 210311
1093 , 210311
1093 , 210311
1093 , 72000
1093 , 170127
1093 , 210311
1093 , 210311
1093 , 210311
1093 , 210311
1093 , 210311
1093 , 210311
1093 , 210311
1093 , 72059
1093 , 176910
1093 , 152712
1093 , 210311
1093 , 78607
1093 , 176922
1093 , 33634
1093 , 54131
1093 , 72041
1093 , 39705
1093 , 210311
1093 , 210311
1093 , 210311
1093 , 210311
1093 , 210311
1093 , 210311
1093 , 210311
1093 , 210311
1093 , 210311
1093 , 210311
1093 , 210311
1095 , 210313
1095 , 210313
1096 , 164638
1096 , 164638
1096 , 164638
1097 , 214863
1097 , 214863
1097 , 214863
1097 , 214863
1098 , 214864
1098 , 214864
1098 , 214864
1098 , 214864
1098 , 214864
1098 , 214864
1098 , 214864
1098 , 214864
1098 , 214864
1098 , 214864
1098 , 214864
1098 , 214864
1099 , 214865
1099 , 214865
1099 , 214865
1099 , 214865
1100 , 214866
1100 , 214866
1100 , 214866
1100 , 214866
1100 , 214866
1100 , 214866
1100 , 214866
1100 , 214866
1100 , 56278
1101 , 216074
1101 , 140144
1101 , 216074
1101 , 216074
1101 , 140144
1101 , 216074
1101 , 216074
1101 , 140144
1101 , 216074
1101 , 216074
1101 , 140144
1101 , 216074
1102 , 216079
1103 , 206586
1103 , 215517
1103 , 40443
1103 , 215540
1103 , 206586
1103 , 215517
1103 , 40443
1103 , 215540
1103 , 206586
1104 , 181166
1104 , 130522
1104 , 157948
1104 , 157948
1104 , 181166
1104 , 71857
1104 , 71857
1104 , 124982
1104 , 171618
1104 , 57752
1104 , 129654
1104 , 181166
1104 , 53983
1104 , 103931
1104 , 116709
1104 , 116709
1104 , 118453
1104 , 179535
1104 , 51875
1104 , 104020
1104 , 184783
1104 , 184783
1104 , 201435
1104 , 3213
1104 , 197298
1104 , 146443
1104 , 146443
1104 , 146443
1104 , 151999
1104 , 215587
1104 , 204165
1104 , 204165
1104 , 199132
1104 , 214803
1104 , 52480
1104 , 78380
1105 , 216081
1105 , 216081
1105 , 63333
1105 , 63333
1105 , 63333
1105 , 63333
1105 , 63333
1105 , 63333
1105 , 63333
1105 , 63333
1105 , 216081
1106 , 215881
1106 , 215881
1106 , 215881
1106 , 47188
1106 , 47188
1107 , 216040
1107 , 216040
1107 , 216040
1107 , 216040
1107 , 216040
1107 , 216040
1107 , 216040
1107 , 216040
1107 , 216040
1107 , 216040
1107 , 195671
1107 , 126076
1107 , 85149
1107 , 146138
1107 , 146138
1107 , 146138
1107 , 146138
1107 , 146138
1107 , 146138
1107 , 146138
1107 , 146138
1107 , 146138
1107 , 146138
1108 , 181170
1108 , 181170
1108 , 215529
1108 , 216043
1108 , 181170
1108 , 181170
1108 , 215529
1108 , 216043
1108 , 181170
1109 , 215915
1109 , 215915
1109 , 215915
1109 , 215915
1109 , 215915
1109 , 215915
1109 , 215915
1109 , 215915
1110 , 148501
1110 , 148501
1110 , 148501
1110 , 148501
1110 , 148501
1110 , 148501
1110 , 148501
1110 , 148501
1110 , 148501
1110 , 148501
1110 , 148501
1110 , 148501
1110 , 148501
1110 , 148501
1110 , 148501
1110 , 148501
1111 , 215833
1111 , 215833
1111 , 215833
1111 , 215833
1111 , 215833
1111 , 215833
1111 , 215833
1111 , 215833
1111 , 215833
1111 , 215833
1111 , 215833
1111 , 215833
1111 , 215833
1111 , 215833
1111 , 215833
1111 , 215833
1111 , 215833
1111 , 215833
1111 , 215833
1111 , 215833
1111 , 215833
1111 , 215833
1111 , 215833
1111 , 215833
1112 , 1119
1112 , 1119
1112 , 1119
1112 , 1119
1112 , 75487
1113 , 181747
1115 , 43507
1115 , 43507
1115 , 43507
1115 , 59458
1115 , 59458
1115 , 59458
1115 , 214270
1115 , 214270
1115 , 214270
1115 , 52914
1115 , 36956
1115 , 100286
1115 , 100286
1115 , 100286
1115 , 147842
1115 , 147842
1115 , 147842
1115 , 43507
1115 , 191234
1116 , 212970
1116 , 212970
1116 , 212970
1116 , 212970
1117 , 202744
1117 , 202744
1117 , 210430
1117 , 210430
1117 , 202744
1117 , 202744
1117 , 117370
1117 , 15566
1117 , 117370
1117 , 210430
1117 , 210430
1117 , 57099
1117 , 57099
1117 , 202744
1117 , 202744
1117 , 120226
1117 , 137876
1117 , 202744
1117 , 202744
1117 , 117348
1117 , 214374
1117 , 197418
1117 , 117348
1117 , 175617
1117 , 175617
1117 , 157662
1117 , 43975
1117 , 111582
1117 , 43975
1117 , 201143
1117 , 30750
1117 , 201143
1117 , 37376
1117 , 37376
1117 , 127912
1117 , 127912
1117 , 104150
1117 , 149529
1117 , 104150
1117 , 184552
1117 , 36979
1117 , 36979
1117 , 86623
1117 , 8223
1117 , 86623
1117 , 41964
1117 , 41964
1117 , 84384
1117 , 84384
1117 , 178105
1117 , 178105
1117 , 207200
1117 , 171535
1117 , 207200
1117 , 33633
1117 , 33633
1117 , 134475
1117 , 203385
1117 , 134475
1117 , 202369
1117 , 202369
1117 , 214543
1117 , 214543
1117 , 48853
1117 , 48853
1117 , 117992
1117 , 94971
1117 , 94971
1117 , 50375
1117 , 200263
1117 , 50375
1117 , 148067
1117 , 25306
1117 , 25306
1117 , 135643
1117 , 135643
1117 , 186377
1117 , 186377
1117 , 145915
1117 , 145915
1117 , 187480
1117 , 114262
1117 , 187480
1117 , 197691
1117 , 197691
1117 , 201152
1117 , 25665
1117 , 115243
1117 , 194332
1117 , 194332
1117 , 194332
1117 , 194332
1117 , 128426
1117 , 128426
1117 , 211652
1117 , 75726
1117 , 75696
1117 , 211652
1117 , 140452
1117 , 213255
1117 , 77935
1117 , 213255
1117 , 210166
1117 , 210166
1117 , 210166
1117 , 210166
1117 , 202744
1117 , 202744
1117 , 118030
1117 , 199302
1117 , 190754
1117 , 199302
1117 , 185548
1117 , 206649
1117 , 120550
1117 , 120603
1117 , 111427
1117 , 215959
1117 , 185548
1117 , 151752
1117 , 147525
1117 , 147525
1117 , 215343
1117 , 215343
1117 , 201141
1117 , 172696
1117 , 23270
1117 , 201141
1117 , 55060
1117 , 194492
1117 , 194492
1117 , 73246
1117 , 73246
1117 , 144638
1117 , 144638
1117 , 202744
1117 , 202744
1117 , 211336
1117 , 211336
1117 , 118165
1117 , 118165
1117 , 211335
1117 , 211335
1117 , 215044
1117 , 215044
1117 , 194332
1117 , 194332
1117 , 165078
1117 , 165078
1117 , 202346
1117 , 202346
1117 , 187494
1117 , 6357
1117 , 187494
1117 , 144682
1117 , 215244
1117 , 215244
1117 , 118167
1117 , 118167
1117 , 106372
1117 , 106372
1117 , 189941
1117 , 36520
1117 , 189941
1117 , 14900
1117 , 202744
1117 , 202744
1117 , 167144
1117 , 167144
1118 , 212970
1118 , 212970
1118 , 212970
1118 , 212970
1118 , 212970
1118 , 212970
1118 , 212970
1118 , 212970
1118 , 1142
1118 , 1142
1118 , 1142
1118 , 1142
1118 , 151963
1118 , 211368
1118 , 211368
1118 , 211368
1118 , 211368
1118 , 1141
1118 , 1141
1118 , 1141
1118 , 1141
1118 , 212970
1118 , 212970
1118 , 212970
1118 , 212970
1118 , 212970
1118 , 212970
1118 , 212970
1118 , 212970
1118 , 212970
1118 , 212970
1118 , 212970
1118 , 212970
1118 , 212970
1118 , 212970
1118 , 212970
1118 , 212970
1118 , 212970
1118 , 212970
1118 , 212970
1118 , 212970
1118 , 212970
1118 , 212970
1118 , 212970
1118 , 212970
1118 , 1116
1118 , 1116
1118 , 1116
1118 , 1116
1119 , 1112
1119 , 1112
1119 , 1112
1119 , 1112
1119 , 100944
1119 , 100944
1119 , 100944
1119 , 100944
1119 , 100984
1119 , 100984
1119 , 100984
1119 , 100984
1120 , 14547
1120 , 14547
1120 , 167713
1120 , 204616
1120 , 204616
1120 , 14547
1120 , 166580
1120 , 137840
1120 , 70411
1120 , 11904
1120 , 11904
1120 , 11904
1120 , 136587
1120 , 170960
1120 , 167712
1120 , 14547
1120 , 14547
1120 , 14547
1120 , 118413
1120 , 189457
1120 , 14547
1120 , 14547
1120 , 36932
1120 , 209405
1120 , 100951
1120 , 36950
1120 , 199732
1120 , 74373
1120 , 193876
1120 , 14547
1120 , 134239
1120 , 14547
1120 , 14547
1120 , 14547
1121 , 186400
1121 , 186400
1121 , 82685
1121 , 82685
1121 , 1560
1121 , 1560
1121 , 200208
1122 , 165056
1122 , 210422
1122 , 167144
1122 , 189439
1123 , 212970
1123 , 212970
1123 , 212970
1123 , 212970
1123 , 212970
1123 , 212970
1123 , 212970
1123 , 212970
1123 , 1142
1123 , 1142
1123 , 1142
1123 , 1142
1123 , 151963
1123 , 211368
1123 , 211368
1123 , 211368
1123 , 211368
1123 , 1141
1123 , 1141
1123 , 1141
1123 , 1141
1123 , 212970
1123 , 212970
1123 , 212970
1123 , 212970
1123 , 212970
1123 , 212970
1123 , 212970
1123 , 212970
1123 , 212970
1123 , 212970
1123 , 212970
1123 , 212970
1123 , 212970
1123 , 212970
1123 , 212970
1123 , 212970
1123 , 212970
1123 , 212970
1123 , 212970
1123 , 212970
1123 , 212970
1123 , 212970
1123 , 212970
1123 , 212970
1123 , 1116
1123 , 1116
1123 , 1116
1123 , 1116
1124 , 137968
1124 , 205797
1124 , 158115
1124 , 137968
1124 , 137968
1125 , 186165
1125 , 186165
1125 , 186165
1125 , 186165
1125 , 37530
1125 , 37530
1125 , 37530
1125 , 37530
1127 , 45761
1127 , 45761
1127 , 45761
1127 , 206090
1127 , 45761
1128 , 201619
1128 , 120845
1128 , 178196
1128 , 44060
1128 , 120845
1128 , 120845
1128 , 120845
1128 , 120845
1128 , 199532
1128 , 25665
1128 , 120845
1128 , 120845
1128 , 120845
1128 , 120845
1128 , 193959
1128 , 120845
1128 , 81386
1128 , 42558
1128 , 19780
1128 , 145495
1128 , 145495
1128 , 145495
1128 , 24069
1128 , 141507
1128 , 194868
1128 , 209167
1128 , 163270
1128 , 48596
1128 , 139505
1128 , 110745
1128 , 78899
1128 , 78899
1128 , 169798
1128 , 27643
1128 , 123264
1128 , 102759
1128 , 15773
1128 , 203380
1128 , 100569
1128 , 80032
1128 , 209816
1128 , 81495
1128 , 157234
1128 , 157234
1128 , 136739
1128 , 1727
1128 , 104329
1128 , 177944
1128 , 206002
1128 , 147067
1128 , 90211
1128 , 201619
1128 , 120845
1128 , 178196
1128 , 44060
1128 , 120845
1128 , 120845
1128 , 120845
1128 , 120845
1128 , 199532
1128 , 25665
1128 , 120845
1128 , 120845
1128 , 120845
1128 , 120845
1128 , 193959
1128 , 120845
1128 , 82363
1128 , 201741
1128 , 145219
1128 , 215203
1128 , 206097
1128 , 143962
1128 , 206097
1128 , 170360
1128 , 167208
1128 , 140907
1128 , 140907
1128 , 140907
1128 , 140907
1128 , 140907
1128 , 140907
1128 , 140907
1128 , 140907
1128 , 140907
1128 , 140907
1128 , 36980
1128 , 196561
1128 , 129529
1128 , 208429
1128 , 208429
1128 , 212730
1128 , 212730
1128 , 62829
1128 , 191511
1128 , 139499
1128 , 201619
1128 , 120845
1128 , 178196
1128 , 44060
1128 , 120845
1128 , 120845
1128 , 120845
1128 , 120845
1128 , 199532
1128 , 25665
1128 , 120845
1128 , 120845
1128 , 120845
1128 , 120845
1128 , 193959
1128 , 120845
1128 , 1657
1129 , 206086
1129 , 206086
1129 , 206086
1129 , 206086
1129 , 206086
1129 , 206086
1129 , 206086
1129 , 206086
1129 , 198729
1130 , 212970
1130 , 212970
1130 , 212970
1130 , 212970
1130 , 212970
1130 , 212970
1130 , 212970
1130 , 212970
1130 , 1142
1130 , 1142
1130 , 1142
1130 , 1142
1130 , 151963
1130 , 211368
1130 , 211368
1130 , 211368
1130 , 211368
1130 , 1141
1130 , 1141
1130 , 1141
1130 , 1141
1130 , 212970
1130 , 212970
1130 , 212970
1130 , 212970
1130 , 212970
1130 , 212970
1130 , 212970
1130 , 212970
1130 , 212970
1130 , 212970
1130 , 212970
1130 , 212970
1130 , 212970
1130 , 212970
1130 , 212970
1130 , 212970
1130 , 212970
1130 , 212970
1130 , 212970
1130 , 212970
1130 , 212970
1130 , 212970
1130 , 212970
1130 , 212970
1130 , 1116
1130 , 1116
1130 , 1116
1130 , 1116
1131 , 212245
1131 , 212245
1131 , 212258
1131 , 211374
1131 , 212976
1131 , 212245
1131 , 212245
1131 , 212245
1131 , 212245
1131 , 212245
1131 , 212245
1131 , 68902
1131 , 212245
1131 , 212245
1131 , 212258
1131 , 211374
1131 , 212976
1131 , 212245
1131 , 212245
1131 , 212245
1131 , 212245
1131 , 212245
1131 , 212245
1131 , 68902
1131 , 212245
1131 , 212245
1131 , 212258
1131 , 211374
1131 , 212976
1131 , 212245
1131 , 212245
1131 , 212245
1131 , 212245
1131 , 212245
1131 , 212245
1131 , 68902
1131 , 206110
1131 , 206111
1131 , 208619
1131 , 212977
1131 , 36957
1131 , 186179
1131 , 186179
1131 , 115297
1131 , 186179
1131 , 186179
1131 , 186179
1131 , 186179
1131 , 186179
1131 , 186179
1131 , 212245
1131 , 212245
1131 , 212258
1131 , 211374
1131 , 212976
1131 , 212245
1131 , 212245
1131 , 212245
1131 , 212245
1131 , 212245
1131 , 212245
1131 , 68902
1135 , 32901
1135 , 32901
1135 , 32901
1135 , 32901
1135 , 32901
1135 , 32901
1136 , 210007
1136 , 32885
1136 , 210007
1136 , 210007
1136 , 210007
1136 , 212325
1136 , 135141
1136 , 210007
1136 , 176584
1136 , 210007
1136 , 207423
1136 , 210007
1137 , 212965
1137 , 212965
1137 , 212965
1137 , 212965
1137 , 212965
1137 , 212965
1137 , 212965
1137 , 212965
1137 , 212965
1137 , 212965
1137 , 212965
1137 , 212965
1137 , 212965
1137 , 210841
1137 , 89867
1137 , 212965
1137 , 212965
1137 , 212965
1137 , 212965
1137 , 212965
1137 , 212965
1137 , 212965
1137 , 212965
1137 , 212965
1137 , 212965
1137 , 212965
1137 , 212965
1137 , 212965
1137 , 212965
1137 , 212965
1137 , 212965
1137 , 212965
1137 , 212965
1137 , 212965
1137 , 212965
1137 , 212965
1137 , 212965
1137 , 212965
1137 , 212965
1137 , 212965
1137 , 212965
1137 , 110898
1137 , 179745
1137 , 212965
1137 , 212965
1137 , 212965
1137 , 212965
1137 , 212965
1137 , 212965
1137 , 212965
1137 , 212965
1137 , 212965
1137 , 212965
1137 , 212965
1137 , 212965
1137 , 212965
1137 , 174960
1137 , 83058
1137 , 67991
1137 , 210506
1137 , 212965
1137 , 212965
1137 , 212965
1137 , 212965
1137 , 212965
1137 , 212965
1137 , 212965
1137 , 212965
1137 , 212965
1137 , 212965
1137 , 212965
1137 , 212965
1137 , 212965
1137 , 212965
1137 , 212965
1137 , 212965
1137 , 212965
1137 , 212965
1137 , 212965
1137 , 212965
1137 , 212965
1137 , 212965
1137 , 212965
1137 , 212965
1137 , 212965
1137 , 212965
1138 , 102449
1138 , 170753
1138 , 172747
1138 , 172747
1138 , 157824
1138 , 157824
1138 , 157771
1138 , 102449
1138 , 170753
1138 , 172747
1138 , 172747
1138 , 157824
1138 , 157824
1138 , 157771
1138 , 180310
1138 , 185837
1138 , 185837
1138 , 102449
1138 , 170753
1138 , 172747
1138 , 172747
1138 , 157824
1138 , 157824
1138 , 157771
1138 , 102449
1138 , 170753
1138 , 172747
1138 , 172747
1138 , 157824
1138 , 157824
1138 , 157771
1138 , 102449
1138 , 170753
1138 , 172747
1138 , 172747
1138 , 157824
1138 , 157824
1138 , 157771
1138 , 102449
1138 , 170753
1138 , 172747
1138 , 172747
1138 , 157824
1138 , 157824
1138 , 157771
1138 , 102449
1138 , 170753
1138 , 172747
1138 , 172747
1138 , 157824
1138 , 157824
1138 , 157771
1138 , 102449
1138 , 170753
1138 , 172747
1138 , 172747
1138 , 157824
1138 , 157824
1138 , 157771
1138 , 102449
1138 , 170753
1138 , 172747
1138 , 172747
1138 , 157824
1138 , 157824
1138 , 157771
1138 , 180724
1138 , 180724
1140 , 1144
1140 , 1144
1140 , 1144
1140 , 1144
1140 , 1144
1140 , 1144
1140 , 1144
1140 , 1144
1141 , 211368
1141 , 211368
1141 , 211368
1141 , 211368
1141 , 75487
1141 , 211368
1141 , 211368
1141 , 211368
1141 , 211368
1142 , 151963
1142 , 212970
1142 , 212970
1142 , 212970
1142 , 212970
1142 , 151963
1142 , 151963
1142 , 212970
1142 , 212970
1142 , 212970
1142 , 212970
1142 , 151963
1142 , 151963
1142 , 1141
1142 , 1141
1142 , 1141
1142 , 1141
1142 , 151963
1142 , 151963
1142 , 151963
1142 , 151963
1145 , 91581
1145 , 91581
1145 , 91581
1145 , 91581
1145 , 91581
1145 , 91581
1145 , 91581
1145 , 91581
1148 , 215917
1149 , 215937
1149 , 215937
1149 , 215937
1150 , 216031
1150 , 216031
1150 , 216031
1150 , 216031
1150 , 216031
1150 , 215529
1150 , 216031
1151 , 216074
1151 , 140144
1151 , 216074
1151 , 216074
1151 , 140144
1151 , 216074
1151 , 216074
1151 , 140144
1151 , 216074
1151 , 216074
1151 , 140144
1151 , 216074
1152 , 216075
1152 , 216075
1152 , 216075
1152 , 216075
1152 , 168540
1152 , 7710
1152 , 35854
1152 , 7710
1152 , 35854
1152 , 216075
1152 , 216075
1152 , 213259
1152 , 214209
1152 , 144272
1152 , 216075
1152 , 216075
1152 , 215615
1152 , 89531
1153 , 216076
1153 , 178015
1153 , 178015
1153 , 202874
1153 , 180510
1153 , 216076
1153 , 216076
1153 , 148732
1153 , 210053
1153 , 178131
1153 , 120662
1153 , 120662
1153 , 120662
1153 , 209437
1153 , 120662
1153 , 120662
1153 , 120662
1153 , 146698
1153 , 46578
1153 , 46578
1153 , 46578
1153 , 46578
1153 , 46578
1153 , 46578
1153 , 107089
1153 , 152884
1153 , 202169
1153 , 114985
1153 , 107089
1153 , 152884
1153 , 202169
1153 , 114985
1153 , 89614
1153 , 148738
1153 , 216076
1153 , 178015
1153 , 178015
1153 , 202874
1153 , 180510
1153 , 216076
1153 , 216076
1153 , 148732
1153 , 210053
1153 , 178131
1153 , 120662
1153 , 120662
1153 , 120662
1153 , 209437
1153 , 120662
1153 , 120662
1153 , 120662
1153 , 146698
1153 , 46578
1153 , 46578
1153 , 46578
1153 , 46578
1153 , 46578
1153 , 46578
1153 , 107089
1153 , 152884
1153 , 202169
1153 , 114985
1153 , 107089
1153 , 152884
1153 , 202169
1153 , 114985
1153 , 89614
1153 , 148738
1153 , 216076
1154 , 216078
1154 , 216078
1154 , 177848
1154 , 216078
1154 , 216078
1154 , 216078
1154 , 216078
1154 , 216078
1154 , 177848
1154 , 216078
1154 , 216078
1154 , 216078
1155 , 216079
1156 , 216080
1156 , 216080
1156 , 216080
1156 , 216080
1156 , 43171
1156 , 216080
1156 , 216080
1156 , 93492
1156 , 79863
1156 , 37660
1156 , 79863
1156 , 79863
1156 , 214443
1156 , 6728
1156 , 6728
1156 , 6728
1156 , 6728
1156 , 6728
1156 , 6728
1156 , 63224
1156 , 63224
1156 , 1086
1156 , 63224
1156 , 63224
1156 , 63224
1156 , 63224
1156 , 6722
1156 , 6722
1156 , 6722
1156 , 6722
1156 , 6722
1156 , 6722
1156 , 204935
1156 , 79863
1156 , 79863
1156 , 79863
1156 , 79863
1156 , 63638
1156 , 159125
1156 , 47976
1156 , 47976
1156 , 47976
1156 , 69662
1156 , 47976
1156 , 47976
1156 , 47976
1156 , 79863
1156 , 79863
1156 , 201495
1156 , 201495
1156 , 14417
1156 , 14417
1156 , 79684
1156 , 79863
1156 , 79863
1156 , 129210
1156 , 73067
1156 , 208541
1156 , 19695
1156 , 19695
1156 , 198907
1156 , 198907
1156 , 210053
1156 , 175396
1156 , 136753
1156 , 146698
1156 , 71915
1156 , 107089
1156 , 138638
1156 , 180944
1156 , 107089
1156 , 138638
1156 , 180944
1156 , 134341
1156 , 67791
1156 , 67791
1156 , 100413
1156 , 100413
1156 , 54533
1156 , 111093
1156 , 63224
1156 , 63224
1156 , 1086
1156 , 63224
1156 , 63224
1156 , 63224
1156 , 63224
1156 , 63224
1156 , 63224
1156 , 1086
1156 , 63224
1156 , 63224
1156 , 63224
1156 , 63224
1156 , 79863
1156 , 79863
1156 , 79863
1156 , 179516
1156 , 179516
1156 , 74373
1156 , 100413
1156 , 100413
1156 , 167051
1156 , 188618
1156 , 188618
1156 , 134341
1156 , 67791
1156 , 67791
1156 , 100413
1156 , 100413
1156 , 54533
1156 , 111093
1156 , 63224
1156 , 63224
1156 , 1086
1156 , 63224
1156 , 63224
1156 , 63224
1156 , 63224
1156 , 79863
1156 , 79863
1157 , 216081
1157 , 216081
1157 , 63333
1157 , 63333
1157 , 63333
1157 , 63333
1157 , 63333
1157 , 63333
1157 , 63333
1157 , 63333
1157 , 216081
1158 , 216086
1158 , 144268
1158 , 144268
1158 , 144268
1158 , 144268
1158 , 144268
1158 , 216086
1158 , 144268
1158 , 144268
1158 , 144268
1158 , 144268
1158 , 144268
1158 , 216086
1158 , 144268
1158 , 144268
1158 , 144268
1158 , 144268
1158 , 144268
1158 , 216086
1158 , 144268
1158 , 144268
1158 , 144268
1158 , 144268
1158 , 144268
1159 , 215915
1159 , 215915
1159 , 215915
1159 , 215915
1159 , 215915
1159 , 215915
1159 , 215915
1159 , 215915
1160 , 211821
1160 , 169995
1160 , 169995
1160 , 169995
1160 , 169995
1160 , 169995
1160 , 169995
1161 , 215936
1161 , 215936
1161 , 215936
1162 , 215461
1162 , 215461
1162 , 215461
1162 , 215461
1162 , 215461
1162 , 215461
1163 , 215462
1163 , 174970
1163 , 16197
1163 , 16197
1163 , 16197
1163 , 16197
1163 , 16197
1163 , 16197
1163 , 16197
1163 , 215471
1163 , 16197
1163 , 16197
1163 , 16197
1163 , 16197
1163 , 16197
1163 , 16197
1163 , 16197
1163 , 16197
1164 , 215937
1164 , 215937
1164 , 215937
1165 , 214844
1165 , 10997
1166 , 198665
1166 , 198665
1166 , 198665
1166 , 198665
1167 , 216031
1167 , 216031
1167 , 216031
1167 , 216031
1167 , 216031
1167 , 215529
1167 , 216031
1168 , 216034
1169 , 215881
1169 , 215881
1169 , 215881
1169 , 47188
1169 , 47188
1170 , 216040
1170 , 216040
1170 , 216040
1170 , 216040
1170 , 216040
1170 , 216040
1170 , 216040
1170 , 216040
1170 , 216040
1170 , 216040
1170 , 195671
1170 , 126076
1170 , 85149
1170 , 146138
1170 , 146138
1170 , 146138
1170 , 146138
1170 , 146138
1170 , 146138
1170 , 146138
1170 , 146138
1170 , 146138
1170 , 146138
1171 , 216040
1171 , 216040
1171 , 216040
1171 , 216040
1171 , 216040
1171 , 216040
1171 , 216040
1171 , 216040
1171 , 216040
1171 , 216040
1171 , 195671
1171 , 126076
1171 , 85149
1171 , 146138
1171 , 146138
1171 , 146138
1171 , 146138
1171 , 146138
1171 , 146138
1171 , 146138
1171 , 146138
1171 , 146138
1171 , 146138
1172 , 216041
1173 , 216044
1173 , 198488
1173 , 86078
1173 , 216044
1173 , 164692
1173 , 140956
1173 , 134414
1173 , 216044
1173 , 28608
1173 , 216044
1173 , 198488
1173 , 86078
1173 , 216044
1173 , 164692
1173 , 140956
1173 , 134414
1173 , 216044
1173 , 28608
1173 , 180723
1173 , 216044
1173 , 198488
1173 , 86078
1173 , 216044
1173 , 164692
1173 , 140956
1173 , 134414
1173 , 216044
1173 , 28608
1173 , 187553
1173 , 159091
1173 , 187553
1173 , 149029
1173 , 187553
1173 , 176222
1173 , 216044
1173 , 198488
1173 , 86078
1173 , 216044
1173 , 164692
1173 , 140956
1173 , 134414
1173 , 216044
1173 , 28608
1173 , 49582
1173 , 182206
1173 , 35877
1173 , 106743
1173 , 187576
1173 , 67476
1173 , 26249
1173 , 106748
1173 , 189759
1173 , 189759
1173 , 81808
1173 , 189759
1174 , 216045
1174 , 216045
1174 , 216045
1174 , 216045
1174 , 216045
1174 , 216045
1174 , 216045
1174 , 216045
1174 , 216045
1174 , 8436
1174 , 8436
1174 , 8436
1174 , 8436
1174 , 8436
1174 , 8436
1174 , 8436
1174 , 8436
1174 , 8436
1174 , 216045
1174 , 216045
1174 , 216045
1174 , 216045
1174 , 216045
1174 , 216045
1174 , 216045
1174 , 216045
1174 , 216045
1174 , 185112
1174 , 185112
1174 , 185112
1174 , 185112
1174 , 185112
1174 , 185112
1174 , 185112
1174 , 185112
1174 , 185112
1174 , 216045
1174 , 216045
1174 , 216045
1174 , 216045
1174 , 216045
1174 , 216045
1174 , 216045
1174 , 216045
1174 , 216045
1175 , 216046
1175 , 125110
1175 , 79592
1175 , 213811
1175 , 56306
1175 , 79592
1175 , 127819
1175 , 126197
1175 , 126197
1175 , 98699
1175 , 56742
1175 , 144880
1175 , 162075
1175 , 162075
1175 , 216046
1175 , 125110
1175 , 79592
1175 , 213811
1175 , 56306
1175 , 79592
1175 , 127819
1175 , 126197
1175 , 126197
1175 , 98699
1175 , 56742
1175 , 144880
1175 , 162075
1175 , 162075
1175 , 136238
1175 , 82452
1175 , 200495
1175 , 75544
1175 , 50587
1175 , 152349
1175 , 50686
1175 , 212947
1175 , 50587
1175 , 75668
1175 , 1306
1175 , 36111
1175 , 139464
1175 , 142622
1175 , 2033
1175 , 142622
1176 , 216047
1176 , 8748
1176 , 216047
1176 , 216047
1176 , 8748
1177 , 216042
1177 , 216042
1177 , 216042
1177 , 216042
1177 , 216042
1177 , 216042
1177 , 216042
1177 , 216042
1177 , 216042
1177 , 216042
1177 , 216042
1178 , 216043
1178 , 216043
1178 , 216043
1178 , 216043
1178 , 215529
1178 , 216043
1178 , 216043
1179 , 215891
1179 , 177787
1179 , 56211
1179 , 194498
1179 , 164304
1179 , 175693
1179 , 109284
1179 , 206102
1179 , 55696
1179 , 34645
1180 , 216035
1180 , 216035
1180 , 216035
1180 , 216035
1180 , 216035
1180 , 216035
1180 , 216035
1180 , 216035
1180 , 216035
1180 , 216035
1180 , 216035
1180 , 168338
1180 , 216035
1180 , 216035
1180 , 216035
1180 , 216035
1180 , 216035
1180 , 216035
1180 , 216035
1180 , 216035
1180 , 216035
1180 , 216035
1180 , 216035
1180 , 216035
1180 , 216035
1180 , 216035
1180 , 216035
1180 , 216035
1180 , 216035
1180 , 216035
1180 , 216035
1180 , 216035
1180 , 216035
1180 , 216035
1181 , 216036
1181 , 216036
1181 , 215517
1181 , 40443
1181 , 215540
1181 , 206586
1182 , 215894
1182 , 170680
1182 , 131853
1182 , 170680
1183 , 216037
1184 , 216049
1184 , 123435
1184 , 216049
1184 , 216049
1184 , 216049
1184 , 216049
1184 , 216049
1184 , 123435
1184 , 216049
1184 , 216049
1184 , 216049
1184 , 216049
1184 , 216049
1184 , 123435
1184 , 216049
1184 , 216049
1184 , 216049
1184 , 216049
1184 , 212725
1184 , 212725
1184 , 212725
1184 , 212725
1184 , 212725
1184 , 216049
1184 , 123435
1184 , 216049
1184 , 216049
1184 , 216049
1184 , 216049
1184 , 214495
1185 , 216050
1185 , 216050
1186 , 216074
1186 , 140144
1186 , 216074
1186 , 216074
1186 , 140144
1186 , 216074
1186 , 216074
1186 , 140144
1186 , 216074
1186 , 216074
1186 , 140144
1186 , 216074
1187 , 216075
1187 , 216075
1187 , 216075
1187 , 216075
1187 , 168540
1187 , 7710
1187 , 35854
1187 , 7710
1187 , 35854
1187 , 216075
1187 , 216075
1187 , 213259
1187 , 214209
1187 , 144272
1187 , 216075
1187 , 216075
1187 , 215615
1187 , 89531
1188 , 216076
1188 , 178015
1188 , 178015
1188 , 202874
1188 , 180510
1188 , 216076
1188 , 216076
1188 , 148732
1188 , 210053
1188 , 178131
1188 , 120662
1188 , 120662
1188 , 120662
1188 , 209437
1188 , 120662
1188 , 120662
1188 , 120662
1188 , 146698
1188 , 46578
1188 , 46578
1188 , 46578
1188 , 46578
1188 , 46578
1188 , 46578
1188 , 107089
1188 , 152884
1188 , 202169
1188 , 114985
1188 , 107089
1188 , 152884
1188 , 202169
1188 , 114985
1188 , 89614
1188 , 148738
1188 , 216076
1188 , 178015
1188 , 178015
1188 , 202874
1188 , 180510
1188 , 216076
1188 , 216076
1188 , 148732
1188 , 210053
1188 , 178131
1188 , 120662
1188 , 120662
1188 , 120662
1188 , 209437
1188 , 120662
1188 , 120662
1188 , 120662
1188 , 146698
1188 , 46578
1188 , 46578
1188 , 46578
1188 , 46578
1188 , 46578
1188 , 46578
1188 , 107089
1188 , 152884
1188 , 202169
1188 , 114985
1188 , 107089
1188 , 152884
1188 , 202169
1188 , 114985
1188 , 89614
1188 , 148738
1188 , 216076
1189 , 216078
1189 , 216078
1189 , 177848
1189 , 216078
1189 , 216078
1189 , 216078
1189 , 216078
1189 , 216078
1189 , 177848
1189 , 216078
1189 , 216078
1189 , 216078
1190 , 216079
1191 , 216080
1191 , 216080
1191 , 216080
1191 , 216080
1191 , 43171
1191 , 216080
1191 , 216080
1191 , 93492
1191 , 79863
1191 , 37660
1191 , 79863
1191 , 79863
1191 , 214443
1191 , 6728
1191 , 6728
1191 , 6728
1191 , 6728
1191 , 6728
1191 , 6728
1191 , 63224
1191 , 63224
1191 , 1086
1191 , 63224
1191 , 63224
1191 , 63224
1191 , 63224
1191 , 6722
1191 , 6722
1191 , 6722
1191 , 6722
1191 , 6722
1191 , 6722
1191 , 204935
1191 , 79863
1191 , 79863
1191 , 79863
1191 , 79863
1191 , 63638
1191 , 159125
1191 , 47976
1191 , 47976
1191 , 47976
1191 , 69662
1191 , 47976
1191 , 47976
1191 , 47976
1191 , 79863
1191 , 79863
1191 , 201495
1191 , 201495
1191 , 14417
1191 , 14417
1191 , 79684
1191 , 79863
1191 , 79863
1191 , 129210
1191 , 73067
1191 , 208541
1191 , 19695
1191 , 19695
1191 , 198907
1191 , 198907
1191 , 210053
1191 , 175396
1191 , 136753
1191 , 146698
1191 , 71915
1191 , 107089
1191 , 138638
1191 , 180944
1191 , 107089
1191 , 138638
1191 , 180944
1191 , 134341
1191 , 67791
1191 , 67791
1191 , 100413
1191 , 100413
1191 , 54533
1191 , 111093
1191 , 63224
1191 , 63224
1191 , 1086
1191 , 63224
1191 , 63224
1191 , 63224
1191 , 63224
1191 , 63224
1191 , 63224
1191 , 1086
1191 , 63224
1191 , 63224
1191 , 63224
1191 , 63224
1191 , 79863
1191 , 79863
1191 , 79863
1191 , 179516
1191 , 179516
1191 , 74373
1191 , 100413
1191 , 100413
1191 , 167051
1191 , 188618
1191 , 188618
1191 , 134341
1191 , 67791
1191 , 67791
1191 , 100413
1191 , 100413
1191 , 54533
1191 , 111093
1191 , 63224
1191 , 63224
1191 , 1086
1191 , 63224
1191 , 63224
1191 , 63224
1191 , 63224
1191 , 79863
1191 , 79863
1192 , 216081
1192 , 216081
1192 , 63333
1192 , 63333
1192 , 63333
1192 , 63333
1192 , 63333
1192 , 63333
1192 , 63333
1192 , 63333
1192 , 216081
1193 , 216086
1193 , 144268
1193 , 144268
1193 , 144268
1193 , 144268
1193 , 144268
1193 , 216086
1193 , 144268
1193 , 144268
1193 , 144268
1193 , 144268
1193 , 144268
1193 , 216086
1193 , 144268
1193 , 144268
1193 , 144268
1193 , 144268
1193 , 144268
1193 , 216086
1193 , 144268
1193 , 144268
1193 , 144268
1193 , 144268
1193 , 144268
1194 , 215915
1194 , 215915
1194 , 215915
1194 , 215915
1194 , 215915
1194 , 215915
1194 , 215915
1194 , 215915
1196 , 213850
1196 , 213850
1196 , 180319
1196 , 52614
1196 , 82606
1196 , 168335
1196 , 168335
1196 , 194188
1196 , 194890
1196 , 104602
1196 , 213420
1196 , 51421
1196 , 169785
1196 , 142885
1196 , 142885
1196 , 142885
1196 , 147531
1196 , 53789
1196 , 158111
1196 , 158111
1196 , 61906
1196 , 61906
1196 , 138676
1196 , 9650
1196 , 28906
1196 , 162706
1196 , 78761
1196 , 78761
1196 , 114614
1196 , 3887
1196 , 79361
1196 , 79361
1196 , 200619
1196 , 200619
1196 , 172458
1196 , 62559
1196 , 97095
1196 , 62559
1196 , 62559
1196 , 97095
1196 , 62559
1196 , 124822
1196 , 124822
1196 , 124822
1196 , 159281
1196 , 159281
1196 , 8366
1196 , 211244
1196 , 215195
1196 , 215195
1196 , 170689
1196 , 118048
1196 , 118048
1196 , 35617
1197 , 133833
1197 , 129509
1197 , 182736
1197 , 160005
1198 , 1199
