200 , 209851
200 , 206439
200 , 209851
200 , 209851
200 , 188149
200 , 200189
200 , 200189
200 , 25188
200 , 209851
200 , 206439
200 , 209851
200 , 209851
200 , 188149
200 , 163967
200 , 163967
200 , 163967
201 , 211356
201 , 211356
201 , 211356
201 , 182910
201 , 211356
201 , 198440
201 , 23464
201 , 67799
201 , 67797
201 , 213898
201 , 107144
201 , 176853
201 , 157564
201 , 83778
201 , 126177
201 , 23934
201 , 30796
201 , 133167
201 , 83778
201 , 56746
201 , 56746
201 , 56746
201 , 193906
201 , 56746
201 , 91239
201 , 7389
201 , 205888
201 , 205888
201 , 205888
201 , 169679
201 , 205888
201 , 169896
201 , 169686
201 , 81801
201 , 73448
201 , 168972
201 , 168972
201 , 168972
201 , 143843
201 , 168972
201 , 127606
201 , 47627
201 , 191678
201 , 47629
201 , 139069
201 , 118406
201 , 182911
201 , 210737
201 , 213295
201 , 167559
201 , 168763
201 , 134068
201 , 36258
201 , 165439
201 , 180376
201 , 167125
201 , 202360
201 , 215559
201 , 210738
201 , 213911
201 , 146037
201 , 7390
201 , 211356
201 , 211356
201 , 211356
201 , 182910
201 , 211356
201 , 198440
201 , 23464
201 , 67799
201 , 67797
201 , 213898
201 , 107144
201 , 165172
201 , 210739
201 , 86650
201 , 113938
201 , 160244
201 , 169954
201 , 10987
201 , 198386
201 , 210740
201 , 62549
201 , 169199
201 , 197331
201 , 151857
201 , 117675
201 , 9770
201 , 135283
201 , 119088
201 , 77877
201 , 36591
201 , 147126
201 , 169210
201 , 210741
201 , 149293
201 , 141433
201 , 26782
201 , 86644
201 , 112780
201 , 112781
201 , 210742
201 , 117692
201 , 195733
201 , 209305
201 , 166997
201 , 113272
201 , 137084
201 , 213227
201 , 103381
201 , 103381
201 , 103381
201 , 213228
201 , 103381
201 , 118173
201 , 152065
201 , 210692
201 , 141434
201 , 175550
201 , 157829
201 , 122107
201 , 216019
201 , 213115
201 , 161588
201 , 169235
201 , 169705
201 , 178457
201 , 210743
201 , 186357
201 , 170006
201 , 16509
201 , 192489
201 , 172549
201 , 189982
201 , 189982
201 , 189982
201 , 189982
201 , 17222
201 , 113273
201 , 113275
201 , 51718
201 , 24774
201 , 202354
201 , 131604
201 , 105261
201 , 215704
201 , 84309
201 , 210744
201 , 84357
201 , 36073
201 , 194708
201 , 93609
201 , 210745
201 , 46518
201 , 84975
201 , 152210
201 , 194828
201 , 86658
201 , 86630
201 , 210746
201 , 176817
201 , 201825
201 , 211373
201 , 198360
201 , 211373
201 , 211373
201 , 213284
201 , 211373
201 , 65017
201 , 169196
201 , 179495
201 , 29204
201 , 186424
201 , 145825
201 , 215073
201 , 85182
201 , 164105
201 , 75169
201 , 210454
201 , 201220
201 , 173583
201 , 200616
201 , 115454
201 , 152192
201 , 180795
201 , 123972
201 , 51719
201 , 210747
201 , 215636
201 , 52476
201 , 174648
201 , 19701
201 , 38917
201 , 206320
201 , 50721
201 , 117261
201 , 210748
201 , 71400
201 , 40362
201 , 113897
201 , 112789
201 , 210749
201 , 167395
201 , 207765
201 , 207765
201 , 207765
201 , 207764
201 , 207765
201 , 180244
201 , 207768
201 , 168831
201 , 75246
201 , 194777
201 , 98023
201 , 209389
201 , 129279
201 , 129279
201 , 129279
201 , 107153
201 , 129279
201 , 103498
201 , 169664
201 , 122050
201 , 215118
201 , 169518
201 , 210751
201 , 195720
201 , 112791
201 , 112792
201 , 210752
202 , 213824
202 , 213824
202 , 213824
202 , 213824
202 , 213824
202 , 213824
202 , 66548
202 , 66548
202 , 66548
202 , 66548
202 , 66548
202 , 66548
202 , 81196
202 , 213824
202 , 213824
202 , 213824
202 , 213824
202 , 213824
202 , 213824
202 , 213824
202 , 213824
202 , 213824
202 , 213824
202 , 213824
202 , 213824
202 , 213824
202 , 213824
202 , 213824
202 , 213824
202 , 213824
202 , 213824
202 , 43561
202 , 43561
202 , 213824
202 , 213824
202 , 213824
202 , 213824
202 , 213824
202 , 213824
202 , 213824
202 , 213824
202 , 213824
202 , 213824
202 , 213824
202 , 213824
203 , 213850
203 , 213850
203 , 180319
203 , 52614
203 , 82606
203 , 168335
203 , 168335
203 , 194188
203 , 194890
203 , 104602
203 , 213420
203 , 51421
203 , 169785
203 , 142885
203 , 142885
203 , 142885
203 , 147531
203 , 53789
203 , 158111
203 , 158111
203 , 61906
203 , 61906
203 , 138676
203 , 9650
203 , 28906
203 , 162706
203 , 78761
203 , 78761
203 , 114614
203 , 3887
203 , 79361
203 , 79361
203 , 200619
203 , 200619
203 , 172458
203 , 62559
203 , 97095
203 , 62559
203 , 62559
203 , 97095
203 , 62559
203 , 124822
203 , 124822
203 , 124822
203 , 159281
203 , 159281
203 , 8366
203 , 211244
203 , 215195
203 , 215195
203 , 170689
203 , 118048
203 , 118048
203 , 35617
204 , 133833
204 , 129509
204 , 182736
204 , 160005
205 , 181236
205 , 181236
205 , 131886
205 , 17712
205 , 17712
205 , 131886
205 , 17712
205 , 17712
205 , 123674
205 , 35863
205 , 35863
205 , 49580
205 , 49580
205 , 49580
205 , 1727
205 , 132280
205 , 49580
205 , 49580
205 , 49580
205 , 49580
205 , 49580
205 , 1727
205 , 132280
205 , 49580
205 , 49580
205 , 49580
205 , 49580
205 , 1727
205 , 132280
205 , 49580
205 , 49580
205 , 49580
205 , 49580
205 , 49580
205 , 1727
205 , 132280
205 , 49580
205 , 49580
205 , 49580
205 , 49580
205 , 1727
205 , 132280
205 , 49580
205 , 49580
205 , 49580
205 , 49580
205 , 49580
205 , 1727
205 , 132280
205 , 49580
205 , 102415
205 , 102415
205 , 49721
205 , 62975
205 , 46006
205 , 46006
205 , 39468
205 , 215842
205 , 215842
205 , 180108
205 , 180108
205 , 180108
205 , 180108
205 , 101142
205 , 101142
205 , 101142
205 , 101142
205 , 166675
205 , 178970
205 , 203186
205 , 92015
205 , 92015
205 , 178970
205 , 203186
205 , 166675
205 , 178970
205 , 203186
205 , 92015
205 , 92015
205 , 178970
205 , 203186
205 , 166675
205 , 178970
205 , 203186
205 , 92015
205 , 92015
205 , 178970
205 , 203186
205 , 130382
205 , 130382
206 , 213852
206 , 180968
206 , 213852
206 , 180968
206 , 131886
206 , 131886
206 , 123674
206 , 49580
206 , 118174
206 , 193063
206 , 49580
206 , 118174
206 , 193063
206 , 49580
206 , 118174
206 , 193063
206 , 49721
206 , 87683
206 , 62975
206 , 122129
206 , 64068
206 , 64068
206 , 64068
206 , 39468
206 , 12539
206 , 12539
206 , 166675
206 , 70460
206 , 166675
206 , 70460
206 , 166675
206 , 70460
206 , 64572
206 , 79301
207 , 213852
207 , 180968
207 , 213852
207 , 180968
207 , 131886
207 , 131886
207 , 123674
207 , 49580
207 , 118174
207 , 193063
207 , 49580
207 , 118174
207 , 193063
207 , 49580
207 , 118174
207 , 193063
207 , 49721
207 , 87683
207 , 62975
207 , 122129
207 , 64068
207 , 64068
207 , 64068
207 , 39468
207 , 12539
207 , 12539
207 , 166675
207 , 70460
207 , 166675
207 , 70460
207 , 166675
207 , 70460
207 , 64572
207 , 79301
208 , 214032
208 , 214032
208 , 214032
208 , 214032
208 , 214032
208 , 214032
209 , 66234
209 , 66234
209 , 66234
209 , 66234
209 , 66234
209 , 66234
209 , 66234
209 , 66234
209 , 66234
211 , 192784
211 , 192784
211 , 192784
211 , 192784
211 , 192784
211 , 192784
211 , 4424
211 , 126040
211 , 166389
211 , 192784
211 , 192418
211 , 192418
212 , 88457
212 , 88457
212 , 88457
212 , 88457
212 , 88457
212 , 88457
212 , 127194
212 , 88457
212 , 88457
212 , 88457
212 , 88457
212 , 88457
212 , 88457
212 , 88457
212 , 127194
212 , 88457
212 , 88457
212 , 88457
212 , 88457
212 , 88457
212 , 88457
212 , 88457
212 , 127194
212 , 88457
212 , 88457
212 , 88457
212 , 88457
212 , 88457
212 , 88457
212 , 88457
212 , 127194
212 , 88457
212 , 56877
212 , 20096
212 , 260
212 , 88457
212 , 88457
212 , 88457
212 , 88457
212 , 88457
212 , 88457
212 , 127194
212 , 88457
212 , 51670
212 , 51670
212 , 88457
212 , 88457
212 , 88457
212 , 88457
212 , 88457
212 , 88457
212 , 127194
212 , 88457
212 , 88457
212 , 88457
212 , 88457
212 , 88457
212 , 88457
212 , 88457
212 , 127194
212 , 88457
212 , 88457
212 , 88457
212 , 88457
212 , 88457
212 , 88457
212 , 88457
212 , 127194
212 , 88457
213 , 91052
213 , 91052
213 , 91052
213 , 91052
213 , 91052
214 , 217
215 , 66234
215 , 66234
215 , 66234
215 , 66234
215 , 66234
215 , 66234
215 , 66234
215 , 66234
215 , 66234
216 , 219
218 , 177615
218 , 177615
220 , 211911
220 , 211911
220 , 163433
220 , 211911
220 , 211911
220 , 163433
220 , 61542
220 , 211911
220 , 211911
220 , 163433
220 , 211911
220 , 211911
220 , 163433
220 , 61542
220 , 211911
220 , 211911
220 , 163433
220 , 61542
220 , 211911
220 , 211911
220 , 163433
220 , 211911
220 , 211911
220 , 163433
221 , 179963
221 , 179963
221 , 179963
221 , 179963
221 , 179963
221 , 179963
221 , 179963
221 , 179963
221 , 179963
221 , 179963
221 , 179963
221 , 179963
221 , 179963
221 , 179963
222 , 91052
222 , 91052
222 , 91052
222 , 91052
222 , 91052
223 , 160204
223 , 206958
223 , 7608
223 , 24662
223 , 7608
223 , 7608
223 , 7608
223 , 7608
223 , 188018
223 , 115025
223 , 208898
223 , 44166
223 , 63254
223 , 49703
223 , 60182
223 , 49757
223 , 204059
223 , 214134
223 , 68757
223 , 83279
223 , 46326
223 , 60443
223 , 189263
223 , 201652
223 , 176572
223 , 120019
223 , 206517
223 , 215854
223 , 188733
223 , 41602
223 , 123461
223 , 138600
223 , 214160
223 , 198083
223 , 198117
223 , 68435
223 , 54781
223 , 91381
223 , 163013
223 , 124801
223 , 190758
223 , 179307
223 , 181774
223 , 182159
224 , 214072
224 , 214072
224 , 214072
224 , 214072
224 , 214072
224 , 214072
225 , 97776
226 , 97777
226 , 97777
226 , 97777
226 , 97777
226 , 97777
226 , 97777
226 , 97777
226 , 97777
226 , 97777
226 , 97777
226 , 168564
226 , 97777
226 , 97777
226 , 97777
226 , 97777
226 , 97777
226 , 97777
226 , 97777
226 , 97777
226 , 97777
226 , 97777
226 , 166653
226 , 166653
226 , 166653
226 , 166653
226 , 166653
226 , 166653
226 , 166653
226 , 166653
226 , 166653
226 , 166653
226 , 14060
226 , 14060
226 , 14060
226 , 14060
226 , 14060
226 , 14060
226 , 14060
226 , 14060
226 , 14060
226 , 14060
226 , 125384
226 , 125384
226 , 125384
226 , 125384
226 , 125384
226 , 125384
226 , 125384
226 , 63261
226 , 188136
226 , 125384
226 , 125384
226 , 125384
226 , 212484
226 , 212484
226 , 212484
226 , 212484
226 , 212484
226 , 212484
226 , 212484
226 , 212484
226 , 212484
226 , 212484
226 , 97777
226 , 97777
226 , 97777
226 , 97777
226 , 97777
226 , 97777
226 , 97777
226 , 97777
226 , 97777
226 , 97777
226 , 119215
226 , 206321
226 , 36976
226 , 160869
226 , 160869
226 , 56278
226 , 75101
226 , 104968
226 , 104968
226 , 97777
226 , 97777
226 , 97777
226 , 97777
226 , 97777
226 , 97777
226 , 97777
226 , 97777
226 , 97777
226 , 97777
226 , 97777
226 , 97777
226 , 97777
226 , 97777
226 , 97777
226 , 97777
226 , 97777
226 , 97777
226 , 97777
226 , 97777
226 , 68363
226 , 68363
226 , 68363
226 , 68363
226 , 68363
226 , 68363
226 , 68363
226 , 68363
226 , 68363
226 , 68363
226 , 193876
226 , 210858
226 , 210858
226 , 152118
226 , 210858
226 , 185338
226 , 185338
226 , 97777
226 , 97777
226 , 97777
226 , 97777
226 , 97777
226 , 97777
226 , 97777
226 , 97777
226 , 97777
226 , 97777
226 , 97777
226 , 97777
226 , 97777
226 , 97777
226 , 97777
226 , 97777
226 , 97777
226 , 97777
226 , 97777
226 , 97777
226 , 97777
226 , 97777
226 , 97777
226 , 97777
226 , 97777
226 , 97777
226 , 97777
226 , 97777
226 , 97777
226 , 97777
227 , 164611
227 , 117898
227 , 202576
227 , 76050
227 , 164611
227 , 164611
227 , 164611
227 , 164611
227 , 60798
227 , 117898
227 , 202576
227 , 76050
227 , 164611
227 , 164611
227 , 74025
227 , 146601
227 , 24641
227 , 162300
227 , 164611
227 , 212505
227 , 19555
227 , 164611
227 , 164611
227 , 164611
227 , 215522
227 , 121906
227 , 38717
227 , 208534
227 , 100827
227 , 168863
227 , 92617
227 , 164611
227 , 14963
227 , 14963
227 , 207781
227 , 173288
227 , 207781
227 , 173288
227 , 203452
227 , 203452
227 , 203452
227 , 203452
227 , 203452
227 , 203452
227 , 203452
227 , 203452
227 , 92955
227 , 62576
227 , 62576
227 , 62576
227 , 62576
227 , 62576
227 , 62576
227 , 62576
227 , 62576
227 , 62135
227 , 208665
227 , 172724
227 , 70375
227 , 164611
227 , 164611
227 , 114319
227 , 114319
227 , 206512
227 , 137923
227 , 114319
227 , 114319
227 , 114319
227 , 114319
227 , 114319
227 , 114319
227 , 122477
227 , 119051
227 , 19373
227 , 115183
227 , 164611
227 , 161602
227 , 212505
227 , 19562
227 , 192777
227 , 120955
227 , 60152
227 , 209792
227 , 120955
227 , 212523
227 , 114998
227 , 109148
227 , 2321
227 , 81797
227 , 164611
227 , 164611
227 , 60798
227 , 68951
227 , 110673
227 , 164611
227 , 212523
227 , 164611
227 , 206415
227 , 62576
227 , 62576
227 , 62576
227 , 62576
227 , 62576
227 , 62576
227 , 62576
227 , 62576
227 , 164611
227 , 164611
227 , 76050
227 , 164611
227 , 181966
227 , 171008
227 , 171008
227 , 58877
227 , 85436
227 , 164611
227 , 39015
227 , 109865
227 , 167600
227 , 167600
227 , 167600
227 , 167600
227 , 167600
227 , 167600
227 , 167600
227 , 167600
227 , 149224
227 , 164611
227 , 162395
227 , 149224
227 , 164611
227 , 164426
227 , 164611
228 , 97782
228 , 24019
228 , 97802
230 , 25948
230 , 25940
230 , 25950
230 , 97799
230 , 97786
233 , 114319
233 , 11710
233 , 134927
233 , 134927
233 , 100399
233 , 194987
233 , 194987
233 , 210730
233 , 49848
233 , 107578
233 , 107578
233 , 169164
234 , 97784
234 , 8486
234 , 97794
234 , 25951
234 , 97787
234 , 97812
236 , 114329
238 , 214170
238 , 208071
238 , 170622
238 , 208498
238 , 35537
238 , 211551
238 , 37300
238 , 17157
238 , 64979
238 , 164812
238 , 38348
238 , 113218
238 , 135328
238 , 81355
238 , 144829
238 , 190350
239 , 176776
239 , 176776
239 , 139025
239 , 176776
239 , 176776
239 , 139025
239 , 148627
239 , 72030
239 , 176776
239 , 176776
239 , 139025
239 , 176776
239 , 176776
239 , 139025
239 , 195389
239 , 176776
239 , 176776
239 , 139025
239 , 176776
239 , 176776
239 , 139025
239 , 106871
239 , 106871
239 , 92821
239 , 61205
239 , 61205
239 , 61205
239 , 216053
239 , 163875
239 , 161257
239 , 58524
239 , 188666
239 , 194798
239 , 194798
239 , 194798
239 , 194798
239 , 194798
239 , 194798
239 , 194798
239 , 194798
239 , 194798
239 , 194798
239 , 194798
239 , 194798
239 , 210841
239 , 176776
239 , 176776
239 , 139025
239 , 178206
239 , 73384
239 , 47781
239 , 62163
239 , 211857
239 , 196430
239 , 196430
239 , 196430
239 , 196430
239 , 196430
239 , 196430
239 , 196430
239 , 181318
239 , 196430
239 , 196430
239 , 196430
239 , 196430
239 , 196430
239 , 181676
239 , 176776
239 , 176776
239 , 139025
239 , 106871
239 , 106871
239 , 128489
239 , 175797
239 , 178015
239 , 119423
239 , 213761
239 , 213761
239 , 176776
239 , 176776
239 , 139025
239 , 193946
239 , 193946
239 , 193946
239 , 107046
239 , 107046
239 , 107046
239 , 107046
239 , 107046
239 , 107046
239 , 107046
239 , 107046
239 , 107046
239 , 107046
239 , 107046
239 , 107046
239 , 107046
239 , 107046
239 , 107046
239 , 107046
239 , 107046
239 , 107046
239 , 107046
239 , 107046
239 , 107046
239 , 107046
239 , 107046
239 , 107046
239 , 195386
239 , 41641
239 , 50370
239 , 193799
239 , 114159
239 , 122404
239 , 135615
239 , 114159
239 , 122404
239 , 135615
239 , 214430
239 , 97724
239 , 43606
239 , 168033
239 , 122404
239 , 207847
239 , 91658
239 , 91658
239 , 5188
239 , 134188
239 , 134188
239 , 147239
239 , 147239
239 , 147239
239 , 147239
239 , 147239
239 , 147239
239 , 147239
239 , 165965
239 , 147239
239 , 147239
239 , 147239
239 , 147239
239 , 147239
239 , 130534
239 , 130534
239 , 179145
239 , 122708
239 , 146016
239 , 146016
239 , 67430
239 , 176776
239 , 176776
239 , 139025
239 , 176776
239 , 176776
239 , 139025
239 , 167600
239 , 91242
239 , 117326
239 , 176776
239 , 176776
239 , 139025
239 , 72025
239 , 180372
239 , 28813
239 , 28813
239 , 143167
239 , 193946
239 , 193946
239 , 193946
239 , 107046
239 , 107046
239 , 107046
239 , 107046
239 , 107046
239 , 107046
239 , 107046
239 , 107046
239 , 107046
239 , 107046
239 , 107046
239 , 107046
239 , 11383
239 , 84656
239 , 34658
239 , 123916
239 , 123916
239 , 12548
239 , 41243
239 , 41243
239 , 135677
239 , 41243
239 , 41243
239 , 41243
239 , 41243
239 , 46076
239 , 179823
239 , 139277
239 , 41243
239 , 41243
239 , 46076
239 , 179823
239 , 41243
239 , 75460
239 , 41243
239 , 41243
239 , 48999
239 , 41243
239 , 80196
239 , 139277
239 , 23714
239 , 75460
239 , 104634
239 , 104634
239 , 104634
239 , 104634
239 , 104634
239 , 104634
239 , 193934
239 , 172787
239 , 172787
239 , 104634
239 , 104634
239 , 104634
239 , 172787
239 , 104634
239 , 104634
239 , 43393
239 , 104634
239 , 104778
239 , 104778
239 , 179145
239 , 122708
239 , 146016
239 , 146016
239 , 76831
239 , 76831
239 , 76831
239 , 76831
239 , 76831
239 , 76831
239 , 76831
239 , 76831
239 , 76831
239 , 76831
239 , 76831
239 , 76831
239 , 67430
239 , 89956
239 , 89956
239 , 89956
239 , 89956
239 , 89956
239 , 89956
239 , 48851
239 , 89956
239 , 89956
239 , 89956
239 , 43200
239 , 89956
239 , 89956
239 , 89956
239 , 48851
242 , 114333
242 , 114333
242 , 114333
242 , 114333
242 , 114333
242 , 114333
242 , 114333
242 , 114333
242 , 114333
242 , 114333
242 , 114333
242 , 114333
242 , 114333
242 , 114333
242 , 114333
242 , 114333
242 , 114333
242 , 56894
242 , 56894
242 , 58785
242 , 58785
242 , 114333
242 , 114333
242 , 114333
242 , 114333
242 , 114333
242 , 114333
242 , 114333
242 , 114333
242 , 114333
242 , 114333
242 , 114333
242 , 114333
242 , 114333
242 , 114333
242 , 114333
242 , 114333
242 , 114333
242 , 74371
242 , 67579
242 , 67579
242 , 60152
242 , 143779
242 , 108475
242 , 108475
242 , 145924
242 , 122334
242 , 122334
242 , 213936
242 , 51670
242 , 83446
242 , 164500
242 , 164500
242 , 181539
242 , 11103
242 , 197957
242 , 114333
242 , 114333
242 , 114333
242 , 114333
242 , 114333
242 , 114333
242 , 114333
242 , 114333
242 , 114333
242 , 114333
242 , 114333
242 , 114333
242 , 114333
242 , 114333
242 , 114333
242 , 114333
242 , 114333
242 , 70498
242 , 70498
242 , 212646
242 , 157941
242 , 114333
242 , 114333
242 , 114333
242 , 114333
242 , 114333
242 , 114333
242 , 114333
242 , 114333
242 , 114333
242 , 114333
242 , 114333
242 , 114333
242 , 114333
242 , 114333
242 , 114333
242 , 114333
242 , 114333
242 , 194188
242 , 140891
242 , 140891
242 , 84191
242 , 181684
242 , 142815
242 , 160257
242 , 160257
242 , 114333
242 , 114333
242 , 114333
242 , 114333
242 , 114333
242 , 114333
242 , 114333
242 , 114333
242 , 114333
242 , 114333
242 , 114333
242 , 114333
242 , 114333
242 , 114333
242 , 114333
242 , 114333
242 , 114333
242 , 103418
242 , 138677
242 , 185364
242 , 41641
242 , 114333
242 , 114333
242 , 114333
242 , 114333
242 , 114333
242 , 114333
242 , 114333
242 , 114333
242 , 114333
242 , 114333
242 , 114333
242 , 114333
242 , 114333
242 , 114333
242 , 114333
242 , 114333
242 , 114333
242 , 192456
242 , 124035
242 , 191494
242 , 113120
242 , 114333
242 , 114333
242 , 114333
242 , 114333
242 , 114333
242 , 114333
242 , 114333
242 , 114333
242 , 114333
242 , 114333
242 , 114333
242 , 114333
242 , 114333
242 , 114333
242 , 114333
242 , 114333
242 , 114333
242 , 60798
242 , 60798
242 , 36742
242 , 107578
242 , 114333
242 , 114333
242 , 114333
242 , 114333
242 , 114333
242 , 114333
242 , 114333
242 , 114333
242 , 114333
242 , 114333
242 , 114333
242 , 114333
242 , 114333
242 , 114333
242 , 114333
242 , 114333
242 , 114333
242 , 114333
242 , 114333
242 , 114333
242 , 114333
242 , 114333
242 , 114333
242 , 114333
242 , 114333
242 , 114333
242 , 114333
242 , 114333
242 , 114333
242 , 114333
242 , 114333
242 , 114333
242 , 114333
242 , 114333
242 , 145491
242 , 205885
242 , 114333
242 , 114333
242 , 114333
242 , 114333
242 , 114333
242 , 114333
242 , 114333
242 , 114333
242 , 114333
242 , 114333
242 , 114333
242 , 114333
242 , 114333
242 , 114333
242 , 114333
242 , 114333
242 , 114333
242 , 215145
242 , 114333
242 , 114333
242 , 114333
242 , 114333
242 , 114333
242 , 114333
242 , 114333
242 , 114333
242 , 114333
242 , 114333
242 , 114333
242 , 114333
242 , 114333
242 , 114333
242 , 114333
242 , 114333
242 , 114333
243 , 209916
243 , 84141
243 , 209916
243 , 93250
243 , 209916
244 , 166653
244 , 166653
244 , 166653
244 , 166653
244 , 166653
244 , 166653
244 , 166653
244 , 166653
244 , 166653
244 , 166653
244 , 166653
244 , 166653
244 , 166653
244 , 166653
244 , 166653
244 , 166653
244 , 166653
244 , 166653
244 , 166653
244 , 166653
244 , 215155
244 , 199496
244 , 199496
244 , 199496
244 , 199496
244 , 124822
244 , 199496
244 , 199496
244 , 199496
244 , 199496
244 , 199496
244 , 199496
244 , 206981
244 , 206981
244 , 206981
244 , 206981
244 , 206981
244 , 206981
244 , 206981
244 , 206981
244 , 206981
244 , 206981
244 , 138606
244 , 192863
244 , 192863
244 , 192863
244 , 192863
244 , 192863
244 , 192863
244 , 192863
244 , 192863
244 , 192863
244 , 192863
244 , 91396
244 , 91396
244 , 91396
244 , 91396
244 , 91396
244 , 91396
244 , 91396
244 , 91396
244 , 91396
244 , 91396
244 , 166653
244 , 166653
244 , 166653
244 , 166653
244 , 166653
244 , 166653
244 , 166653
244 , 166653
244 , 166653
244 , 166653
244 , 166653
244 , 166653
244 , 166653
244 , 166653
244 , 166653
244 , 166653
244 , 166653
244 , 166653
244 , 166653
244 , 166653
244 , 161312
244 , 214444
244 , 166653
244 , 166653
244 , 166653
244 , 166653
244 , 166653
244 , 166653
244 , 166653
244 , 166653
244 , 166653
244 , 166653
244 , 166653
244 , 166653
244 , 166653
244 , 166653
244 , 166653
244 , 166653
244 , 166653
244 , 166653
244 , 166653
244 , 166653
244 , 166653
244 , 166653
244 , 166653
244 , 166653
244 , 166653
244 , 166653
244 , 166653
244 , 166653
244 , 166653
244 , 166653
244 , 166653
244 , 166653
244 , 166653
244 , 166653
244 , 166653
244 , 166653
244 , 166653
244 , 166653
244 , 166653
244 , 166653
244 , 14060
244 , 14060
244 , 14060
244 , 14060
244 , 14060
244 , 14060
244 , 14060
244 , 14060
244 , 14060
244 , 14060
244 , 125384
244 , 125384
244 , 125384
244 , 125384
244 , 125384
244 , 125384
244 , 125384
244 , 63261
244 , 188136
244 , 125384
244 , 125384
244 , 125384
244 , 212484
244 , 212484
244 , 212484
244 , 212484
244 , 212484
244 , 212484
244 , 212484
244 , 212484
244 , 212484
244 , 212484
244 , 97777
244 , 97777
244 , 97777
244 , 97777
244 , 97777
244 , 97777
244 , 97777
244 , 97777
244 , 97777
244 , 97777
244 , 119215
244 , 206321
244 , 36976
244 , 160869
244 , 160869
247 , 259
247 , 259
247 , 259
247 , 259
247 , 208084
247 , 208084
247 , 208084
247 , 259
247 , 212507
247 , 212507
247 , 212507
247 , 259
247 , 259
247 , 259
247 , 259
247 , 259
247 , 259
247 , 259
247 , 208084
247 , 208084
247 , 208084
247 , 259
247 , 212507
247 , 212507
247 , 212507
247 , 259
247 , 259
247 , 259
247 , 38712
247 , 38712
247 , 38712
247 , 38712
247 , 42382
247 , 42382
247 , 38712
247 , 38712
247 , 38712
247 , 38712
247 , 143779
247 , 72664
247 , 72664
247 , 72664
247 , 72795
247 , 141330
247 , 141330
247 , 141330
247 , 83446
247 , 158627
247 , 158627
247 , 158627
247 , 259
247 , 259
247 , 259
247 , 259
247 , 208084
247 , 208084
247 , 208084
247 , 259
247 , 212507
247 , 212507
247 , 212507
247 , 259
247 , 259
247 , 259
247 , 259
247 , 259
247 , 259
247 , 259
247 , 208084
247 , 208084
247 , 208084
247 , 259
247 , 212507
247 , 212507
247 , 212507
247 , 259
247 , 259
247 , 259
247 , 134472
247 , 134472
247 , 134472
247 , 57847
247 , 259
247 , 259
247 , 259
247 , 259
247 , 208084
247 , 208084
247 , 208084
247 , 259
247 , 212507
247 , 212507
247 , 212507
247 , 259
247 , 259
247 , 259
247 , 183426
247 , 105144
247 , 105144
247 , 105144
247 , 259
247 , 259
247 , 259
247 , 259
247 , 208084
247 , 208084
247 , 208084
247 , 259
247 , 212507
247 , 212507
247 , 212507
247 , 259
247 , 259
247 , 259
247 , 208936
247 , 208936
247 , 124035
247 , 259
247 , 259
247 , 259
247 , 259
247 , 208084
247 , 208084
247 , 208084
247 , 259
247 , 212507
247 , 212507
247 , 212507
247 , 259
247 , 259
247 , 259
247 , 259
247 , 259
247 , 259
247 , 259
247 , 208084
247 , 208084
247 , 208084
247 , 259
247 , 212507
247 , 212507
247 , 212507
247 , 259
247 , 259
247 , 259
247 , 259
247 , 259
247 , 259
247 , 259
247 , 208084
247 , 208084
247 , 208084
247 , 259
247 , 212507
247 , 212507
247 , 212507
247 , 259
247 , 259
247 , 259
247 , 259
247 , 259
247 , 259
247 , 259
247 , 208084
247 , 208084
247 , 208084
247 , 259
247 , 212507
247 , 212507
247 , 212507
247 , 259
247 , 259
247 , 259
247 , 259
247 , 259
247 , 259
247 , 259
247 , 208084
247 , 208084
247 , 208084
247 , 259
247 , 212507
247 , 212507
247 , 212507
247 , 259
247 , 259
247 , 259
248 , 249
248 , 249
251 , 215321
251 , 215321
253 , 14680
253 , 180993
253 , 127026
253 , 184874
253 , 208935
253 , 192790
253 , 32168
253 , 32168
253 , 184874
253 , 208935
253 , 27412
253 , 103441
253 , 103441
253 , 26419
253 , 87595
253 , 189321
253 , 120981
253 , 159841
253 , 189321
253 , 120981
253 , 159841
253 , 95210
253 , 41641
253 , 63978
253 , 171877
253 , 174194
253 , 132798
253 , 132798
253 , 132798
253 , 59819
253 , 41768
253 , 41768
253 , 179471
253 , 1684
253 , 57039
253 , 8549
253 , 8549
253 , 8549
253 , 194487
253 , 142379
253 , 162613
253 , 194487
253 , 142379
253 , 162613
253 , 114171
253 , 114171
253 , 123399
253 , 123383
253 , 189360
253 , 87595
253 , 208935
253 , 113632
253 , 113632
253 , 113632
253 , 197491
253 , 113980
253 , 99436
253 , 200343
253 , 123399
253 , 123383
254 , 46076
254 , 202322
254 , 138977
254 , 150216
254 , 144928
254 , 187752
254 , 131435
254 , 158404
254 , 181317
254 , 215180
254 , 158404
254 , 181317
254 , 181317
254 , 152695
254 , 170996
254 , 170996
254 , 187676
254 , 115113
254 , 190662
254 , 115113
254 , 139476
254 , 42612
254 , 46076
254 , 202322
254 , 138977
254 , 152695
255 , 107044
255 , 107044
255 , 201053
255 , 201053
255 , 14477
255 , 14477
255 , 85456
255 , 85456
255 , 85456
255 , 85456
255 , 148604
255 , 148604
255 , 183844
255 , 103492
255 , 176781
255 , 176782
255 , 183844
255 , 185905
255 , 131921
255 , 131921
255 , 145119
255 , 145119
255 , 92560
255 , 92560
255 , 7947
255 , 7947
255 , 143467
255 , 143467
255 , 107044
255 , 107044
255 , 106372
255 , 106372
255 , 195542
255 , 195542
255 , 12656
255 , 12656
255 , 28195
255 , 28195
255 , 76107
255 , 76107
255 , 180262
255 , 180262
255 , 60547
255 , 47029
255 , 100448
255 , 100448
255 , 204131
255 , 204131
255 , 56999
255 , 175627
255 , 175627
255 , 59773
255 , 59773
255 , 1581
255 , 1581
255 , 48924
255 , 58051
255 , 79567
255 , 174400
255 , 180245
255 , 180245
255 , 119948
255 , 119948
255 , 200544
255 , 200544
255 , 80819
255 , 80819
255 , 130000
255 , 162613
255 , 141194
255 , 162613
255 , 141194
255 , 165164
255 , 165164
255 , 37899
255 , 80885
255 , 80885
255 , 168719
255 , 56999
255 , 215012
255 , 215012
255 , 129332
255 , 129332
255 , 129332
255 , 129332
255 , 170691
255 , 170691
255 , 33653
255 , 33653
255 , 149540
255 , 149540
255 , 126350
255 , 126350
256 , 212621
256 , 212621
256 , 212568
259 , 208084
259 , 208084
259 , 208084
259 , 212507
259 , 212507
259 , 212507
259 , 208084
259 , 208084
259 , 208084
259 , 212507
259 , 212507
259 , 212507
259 , 38712
259 , 38712
259 , 38712
259 , 38712
259 , 42382
259 , 42382
259 , 38712
259 , 38712
259 , 38712
259 , 38712
259 , 143779
259 , 72664
259 , 72664
259 , 72664
259 , 72795
259 , 141330
259 , 141330
259 , 141330
259 , 83446
259 , 158627
259 , 158627
259 , 158627
259 , 208084
259 , 208084
259 , 208084
259 , 212507
259 , 212507
259 , 212507
259 , 208084
259 , 208084
259 , 208084
259 , 212507
259 , 212507
259 , 212507
259 , 134472
259 , 134472
259 , 134472
259 , 57847
259 , 208084
259 , 208084
259 , 208084
259 , 212507
259 , 212507
259 , 212507
259 , 183426
259 , 105144
259 , 105144
259 , 105144
259 , 208084
259 , 208084
259 , 208084
259 , 212507
259 , 212507
259 , 212507
259 , 208936
259 , 208936
259 , 124035
259 , 208084
259 , 208084
259 , 208084
259 , 212507
259 , 212507
259 , 212507
259 , 208084
259 , 208084
259 , 208084
259 , 212507
259 , 212507
259 , 212507
259 , 208084
259 , 208084
259 , 208084
259 , 212507
259 , 212507
259 , 212507
259 , 208084
259 , 208084
259 , 208084
259 , 212507
259 , 212507
259 , 212507
259 , 208084
259 , 208084
259 , 208084
259 , 212507
259 , 212507
259 , 212507
260 , 181538
260 , 15554
260 , 181538
260 , 181538
260 , 181538
260 , 165328
260 , 180686
260 , 80613
260 , 92484
260 , 20096
260 , 40881
260 , 560
260 , 174929
260 , 174929
260 , 125983
260 , 88171
260 , 197490
260 , 143241
260 , 88171
260 , 137884
260 , 127194
260 , 88457
260 , 120955
260 , 126051
260 , 15785
260 , 143131
260 , 199179
260 , 33634
260 , 29443
260 , 114998
260 , 114998
260 , 141910
260 , 51670
260 , 160620
260 , 210823
260 , 51670
260 , 51670
260 , 51670
260 , 51670
260 , 182073
260 , 55585
260 , 55585
260 , 86273
260 , 179206
260 , 146341
260 , 146341
260 , 146341
260 , 197957
260 , 197957
260 , 197957
260 , 91256
260 , 91256
260 , 155203
260 , 91256
260 , 91256
260 , 91256
260 , 31051
260 , 63025
260 , 190997
260 , 214894
260 , 190997
260 , 214894
260 , 212646
260 , 212646
260 , 212646
260 , 212646
260 , 212646
260 , 212304
260 , 212648
260 , 189360
260 , 134341
260 , 134341
260 , 140891
260 , 140891
260 , 149618
260 , 83575
260 , 203380
260 , 83575
260 , 203380
260 , 181684
260 , 181684
260 , 203380
260 , 203380
260 , 181684
260 , 134485
260 , 202337
260 , 96769
260 , 116918
260 , 134337
260 , 126318
260 , 51363
260 , 51363
260 , 51363
260 , 165285
260 , 165285
260 , 195386
260 , 53428
260 , 94404
260 , 102254
260 , 138581
260 , 33567
260 , 89762
260 , 202869
260 , 176335
260 , 194897
260 , 169998
260 , 52236
260 , 169998
260 , 52236
260 , 169998
260 , 52236
260 , 185864
262 , 86664
262 , 190876
262 , 86664
262 , 18479
262 , 207531
262 , 77273
262 , 204967
262 , 86664
262 , 92739
262 , 92739
262 , 209336
262 , 86664
262 , 138485
262 , 86664
262 , 141514
262 , 159018
262 , 86664
262 , 86664
262 , 86664
262 , 181056
262 , 86664
262 , 86664
262 , 86664
262 , 144853
262 , 144847
262 , 144853
262 , 144847
262 , 170622
262 , 49298
262 , 141835
262 , 180021
262 , 14465
262 , 191429
262 , 179481
262 , 105924
262 , 213398
262 , 141441
262 , 86664
262 , 190876
262 , 86664
262 , 18479
262 , 207531
262 , 77273
262 , 204967
262 , 86664
262 , 92739
262 , 92739
262 , 209336
262 , 86664
262 , 138485
262 , 86664
262 , 141514
262 , 159018
262 , 86664
262 , 86664
262 , 86664
262 , 181056
262 , 86664
262 , 86664
262 , 86664
262 , 191429
262 , 191429
262 , 78395
262 , 41970
262 , 103459
262 , 103459
262 , 78154
262 , 122214
262 , 47864
262 , 47864
262 , 27567
263 , 136541
263 , 136541
265 , 205586
265 , 205586
265 , 75433
266 , 205586
266 , 205586
266 , 75433
267 , 215726
267 , 215726
267 , 215726
268 , 214537
268 , 211401
268 , 62873
268 , 142702
268 , 197916
268 , 138485
268 , 107011
268 , 141514
268 , 207433
268 , 207433
268 , 159018
268 , 214537
268 , 211401
268 , 62873
268 , 142702
268 , 197916
268 , 138485
268 , 107011
268 , 141514
268 , 207433
268 , 207433
268 , 159018
268 , 214537
268 , 188149
268 , 132805
268 , 132805
268 , 94544
268 , 94544
268 , 76745
268 , 76745
268 , 28570
268 , 28570
268 , 147491
268 , 147491
268 , 214537
268 , 211401
268 , 62873
268 , 142702
268 , 197916
268 , 138485
268 , 107011
268 , 141514
268 , 207433
268 , 207433
268 , 159018
268 , 214537
268 , 211401
268 , 62873
268 , 142702
268 , 197916
268 , 138485
268 , 107011
268 , 141514
268 , 207433
268 , 207433
268 , 159018
268 , 214537
268 , 188149
268 , 28570
268 , 28570
268 , 28570
268 , 28570
268 , 181961
268 , 181961
268 , 39519
268 , 25100
268 , 22716
268 , 15688
268 , 39519
268 , 25100
268 , 22716
268 , 15688
268 , 122214
268 , 122214
270 , 216074
270 , 140144
270 , 216074
270 , 216074
270 , 140144
270 , 216074
270 , 216074
270 , 140144
270 , 216074
270 , 216074
270 , 140144
270 , 216074
271 , 216075
271 , 216075
271 , 216075
271 , 216075
271 , 168540
271 , 7710
271 , 35854
271 , 7710
271 , 35854
271 , 216075
271 , 216075
271 , 213259
271 , 214209
271 , 144272
271 , 216075
271 , 216075
271 , 215615
271 , 89531
272 , 216076
272 , 178015
272 , 178015
272 , 202874
272 , 180510
272 , 216076
272 , 216076
272 , 148732
272 , 210053
272 , 178131
272 , 120662
272 , 120662
272 , 120662
272 , 209437
272 , 120662
272 , 120662
272 , 120662
272 , 146698
272 , 46578
272 , 46578
272 , 46578
272 , 46578
272 , 46578
272 , 46578
272 , 107089
272 , 152884
272 , 202169
272 , 114985
272 , 107089
272 , 152884
272 , 202169
272 , 114985
272 , 89614
272 , 148738
272 , 216076
272 , 178015
272 , 178015
272 , 202874
272 , 180510
272 , 216076
272 , 216076
272 , 148732
272 , 210053
272 , 178131
272 , 120662
272 , 120662
272 , 120662
272 , 209437
272 , 120662
272 , 120662
272 , 120662
272 , 146698
272 , 46578
272 , 46578
272 , 46578
272 , 46578
272 , 46578
272 , 46578
272 , 107089
272 , 152884
272 , 202169
272 , 114985
272 , 107089
272 , 152884
272 , 202169
272 , 114985
272 , 89614
272 , 148738
272 , 216076
273 , 216077
274 , 216078
274 , 216078
274 , 177848
274 , 216078
274 , 216078
274 , 216078
274 , 216078
274 , 216078
274 , 177848
274 , 216078
274 , 216078
274 , 216078
275 , 216079
276 , 216080
276 , 216080
276 , 216080
276 , 216080
276 , 43171
276 , 216080
276 , 216080
276 , 93492
276 , 79863
276 , 37660
276 , 79863
276 , 79863
276 , 214443
276 , 6728
276 , 6728
276 , 6728
276 , 6728
276 , 6728
276 , 6728
276 , 63224
276 , 63224
276 , 1086
276 , 63224
276 , 63224
276 , 63224
276 , 63224
276 , 6722
276 , 6722
276 , 6722
276 , 6722
276 , 6722
276 , 6722
276 , 204935
276 , 79863
276 , 79863
276 , 79863
276 , 79863
276 , 63638
276 , 159125
276 , 47976
276 , 47976
276 , 47976
276 , 69662
276 , 47976
276 , 47976
276 , 47976
276 , 79863
276 , 79863
276 , 201495
276 , 201495
276 , 14417
276 , 14417
276 , 79684
276 , 79863
276 , 79863
276 , 129210
276 , 73067
276 , 208541
276 , 19695
276 , 19695
276 , 198907
276 , 198907
276 , 210053
276 , 175396
276 , 136753
276 , 146698
276 , 71915
276 , 107089
276 , 138638
276 , 180944
276 , 107089
276 , 138638
276 , 180944
276 , 134341
276 , 67791
276 , 67791
276 , 100413
276 , 100413
276 , 54533
276 , 111093
276 , 63224
276 , 63224
276 , 1086
276 , 63224
276 , 63224
276 , 63224
276 , 63224
276 , 63224
276 , 63224
276 , 1086
276 , 63224
276 , 63224
276 , 63224
276 , 63224
276 , 79863
276 , 79863
276 , 79863
276 , 179516
276 , 179516
276 , 74373
276 , 100413
276 , 100413
276 , 167051
276 , 188618
276 , 188618
276 , 134341
276 , 67791
276 , 67791
276 , 100413
276 , 100413
276 , 54533
276 , 111093
276 , 63224
276 , 63224
276 , 1086
276 , 63224
276 , 63224
276 , 63224
276 , 63224
276 , 79863
276 , 79863
277 , 216081
277 , 216081
277 , 63333
277 , 63333
277 , 63333
277 , 63333
277 , 63333
277 , 63333
277 , 63333
277 , 63333
277 , 216081
278 , 216082
279 , 216083
280 , 216084
280 , 35874
280 , 122527
280 , 35874
280 , 122527
280 , 216084
280 , 94363
280 , 94363
280 , 74890
280 , 74890
280 , 216084
280 , 170588
280 , 170588
280 , 93303
280 , 93303
280 , 216084
280 , 132805
280 , 132805
280 , 94544
280 , 94544
280 , 216084
280 , 76745
280 , 76745
280 , 28570
280 , 28570
280 , 139106
280 , 139106
280 , 216084
280 , 216084
280 , 151886
280 , 136953
280 , 183578
280 , 108875
280 , 57073
280 , 57073
280 , 151886
280 , 136953
280 , 183578
280 , 108875
280 , 57073
280 , 57073
280 , 188146
280 , 216084
280 , 208079
280 , 208079
280 , 120940
280 , 120940
280 , 169748
280 , 169748
280 , 216084
280 , 141330
280 , 155793
280 , 141330
280 , 155793
280 , 216084
280 , 216084
280 , 216084
280 , 216084
280 , 216084
280 , 216084
280 , 216084
281 , 216085
282 , 216086
282 , 144268
282 , 144268
282 , 144268
282 , 144268
282 , 144268
282 , 216086
282 , 144268
282 , 144268
282 , 144268
282 , 144268
282 , 144268
282 , 216086
282 , 144268
282 , 144268
282 , 144268
282 , 144268
282 , 144268
282 , 216086
282 , 144268
282 , 144268
282 , 144268
282 , 144268
282 , 144268
283 , 210357
283 , 210357
283 , 174335
283 , 210357
283 , 210357
286 , 203204
286 , 203204
286 , 203204
286 , 81250
286 , 135660
286 , 125084
286 , 129425
286 , 32846
286 , 90480
286 , 200404
286 , 203204
286 , 203204
286 , 203204
286 , 203204
286 , 85153
286 , 203204
286 , 160230
286 , 144904
286 , 100856
286 , 91067
286 , 72943
286 , 169230
286 , 195559
286 , 203204
286 , 203204
286 , 103233
286 , 57206
286 , 203204
286 , 17712
286 , 203530
286 , 85634
286 , 113142
286 , 170911
286 , 192293
286 , 137499
286 , 209439
286 , 186106
286 , 21914
286 , 204890
286 , 4243
286 , 2871
286 , 148131
286 , 148131
286 , 148131
286 , 29512
286 , 92335
286 , 148131
286 , 148131
286 , 148131
286 , 148131
286 , 148131
286 , 29512
286 , 148131
286 , 148131
286 , 84615
286 , 148131
286 , 136850
286 , 136248
286 , 72568
286 , 145360
286 , 19544
286 , 19544
286 , 19544
286 , 19544
286 , 19544
286 , 19544
286 , 19544
286 , 19544
286 , 19544
286 , 19544
286 , 19544
286 , 167047
286 , 51115
286 , 128669
286 , 187477
286 , 180807
286 , 92654
286 , 92808
286 , 52432
286 , 52432
286 , 52432
286 , 52432
286 , 52432
286 , 52432
286 , 52432
286 , 52432
286 , 52432
286 , 52432
286 , 52432
286 , 32735
286 , 203204
286 , 203204
286 , 203204
286 , 81250
286 , 135660
286 , 125084
286 , 129425
286 , 32846
286 , 90480
286 , 200404
286 , 203204
286 , 203204
286 , 203204
286 , 203204
286 , 85153
286 , 203204
286 , 160230
286 , 144904
286 , 100856
286 , 91067
286 , 72943
286 , 169230
286 , 195559
286 , 203204
286 , 203204
286 , 103233
286 , 57206
286 , 203204
286 , 164878
286 , 214936
286 , 68718
286 , 68718
286 , 65869
286 , 65869
286 , 165787
286 , 126171
286 , 198581
286 , 17556
286 , 168876
286 , 168878
286 , 197938
286 , 197938
286 , 176848
286 , 176848
286 , 176848
286 , 176848
286 , 176848
286 , 176848
286 , 176848
286 , 176848
286 , 176848
286 , 176848
286 , 176848
288 , 207221
288 , 75273
288 , 143301
288 , 108675
288 , 209987
288 , 207221
288 , 75273
288 , 143301
289 , 209998
289 , 209998
289 , 209998
289 , 209998
289 , 209998
289 , 209998
289 , 209998
289 , 209998
289 , 209998
291 , 211930
291 , 211930
291 , 13864
291 , 211930
291 , 184826
291 , 182351
291 , 14615
291 , 107314
291 , 211930
291 , 211930
291 , 211930
291 , 211930
291 , 211930
291 , 36111
291 , 131155
291 , 194967
291 , 163663
291 , 51583
291 , 182937
291 , 211930
291 , 211930
291 , 185327
291 , 135405
291 , 182937
291 , 211930
291 , 195314
291 , 209927
291 , 177031
291 , 19930
291 , 14704
291 , 211930
291 , 211930
291 , 13864
291 , 211930
291 , 184826
291 , 182351
291 , 14615
291 , 107314
291 , 211930
291 , 211930
291 , 211930
291 , 211930
291 , 211930
291 , 36111
291 , 131155
291 , 194967
291 , 163663
291 , 51583
291 , 182937
291 , 211930
291 , 211930
291 , 185327
291 , 135405
291 , 182937
291 , 211930
291 , 52231
291 , 52231
291 , 214380
291 , 214380
291 , 186379
291 , 188448
291 , 214380
291 , 14795
291 , 214380
291 , 214380
291 , 214380
291 , 125110
291 , 214380
291 , 214380
291 , 98699
291 , 98322
291 , 140738
291 , 214380
291 , 214380
291 , 210510
291 , 214380
291 , 98227
291 , 98227
291 , 98227
291 , 98227
291 , 98227
291 , 98227
291 , 98227
291 , 78516
291 , 98227
291 , 98227
291 , 98227
291 , 98227
291 , 113794
291 , 211930
291 , 211930
291 , 13864
291 , 211930
291 , 184826
291 , 182351
291 , 14615
291 , 107314
291 , 211930
291 , 211930
291 , 211930
291 , 211930
291 , 211930
291 , 36111
291 , 131155
291 , 194967
291 , 163663
291 , 51583
291 , 182937
291 , 211930
291 , 211930
291 , 185327
291 , 135405
291 , 182937
291 , 211930
291 , 150157
292 , 166533
292 , 115808
292 , 166533
292 , 113142
292 , 8075
292 , 8075
292 , 4116
292 , 123576
292 , 187241
292 , 187241
292 , 53983
292 , 166533
292 , 115808
292 , 166533
292 , 164796
292 , 162538
292 , 162538
292 , 198571
292 , 198571
292 , 190180
292 , 213831
292 , 166651
292 , 190180
292 , 74129
292 , 165342
292 , 139480
292 , 28381
292 , 122196
292 , 54298
292 , 144904
292 , 187135
292 , 187135
294 , 195686
294 , 195686
294 , 195686
294 , 195686
294 , 206047
294 , 53087
294 , 195686
294 , 195686
294 , 195686
294 , 195686
294 , 195686
294 , 195686
294 , 206047
294 , 53087
294 , 195686
294 , 195686
294 , 212367
294 , 168347
294 , 39578
294 , 60152
294 , 110494
294 , 60152
294 , 168347
294 , 39578
294 , 56135
294 , 48898
294 , 62175
294 , 62175
294 , 46120
294 , 28796
294 , 227
294 , 195686
294 , 195686
294 , 195686
294 , 195686
294 , 206047
294 , 53087
294 , 195686
294 , 195686
294 , 10926
294 , 157709
295 , 184581
295 , 126957
295 , 126957
295 , 126957
295 , 126957
295 , 126957
295 , 126957
295 , 126957
295 , 87602
295 , 87602
295 , 74081
295 , 189769
295 , 87602
295 , 74081
295 , 87602
295 , 87602
295 , 74081
295 , 87602
295 , 87602
295 , 120889
295 , 87602
295 , 87602
295 , 74081
295 , 189769
295 , 87602
295 , 74081
295 , 87602
295 , 87602
295 , 74081
295 , 87602
295 , 87602
297 , 63893
297 , 63893
297 , 63893
