800 , 216083
801 , 216084
801 , 35874
801 , 122527
801 , 35874
801 , 122527
801 , 216084
801 , 94363
801 , 94363
801 , 74890
801 , 74890
801 , 216084
801 , 170588
801 , 170588
801 , 93303
801 , 93303
801 , 216084
801 , 132805
801 , 132805
801 , 94544
801 , 94544
801 , 216084
801 , 76745
801 , 76745
801 , 28570
801 , 28570
801 , 139106
801 , 139106
801 , 216084
801 , 216084
801 , 151886
801 , 136953
801 , 183578
801 , 108875
801 , 57073
801 , 57073
801 , 151886
801 , 136953
801 , 183578
801 , 108875
801 , 57073
801 , 57073
801 , 188146
801 , 216084
801 , 208079
801 , 208079
801 , 120940
801 , 120940
801 , 169748
801 , 169748
801 , 216084
801 , 141330
801 , 155793
801 , 141330
801 , 155793
801 , 216084
801 , 216084
801 , 216084
801 , 216084
801 , 216084
801 , 216084
801 , 216084
802 , 216085
803 , 216086
803 , 144268
803 , 144268
803 , 144268
803 , 144268
803 , 144268
803 , 216086
803 , 144268
803 , 144268
803 , 144268
803 , 144268
803 , 144268
803 , 216086
803 , 144268
803 , 144268
803 , 144268
803 , 144268
803 , 144268
803 , 216086
803 , 144268
803 , 144268
803 , 144268
803 , 144268
803 , 144268
804 , 216051
804 , 216051
804 , 216051
804 , 216051
804 , 216051
804 , 216051
804 , 216051
804 , 216051
804 , 216051
804 , 216051
804 , 216051
806 , 207190
806 , 206439
806 , 209851
806 , 209851
806 , 188149
806 , 200189
806 , 200189
806 , 25188
806 , 207190
806 , 206439
806 , 209851
806 , 209851
806 , 188149
806 , 163967
806 , 163967
807 , 215928
807 , 215928
807 , 215928
807 , 156133
807 , 215928
807 , 173000
807 , 153620
807 , 164899
807 , 215928
807 , 215928
807 , 215928
807 , 215928
807 , 156133
807 , 215928
807 , 173000
807 , 153620
807 , 164899
807 , 215928
807 , 107059
807 , 161721
807 , 161721
807 , 161721
807 , 161721
807 , 161721
807 , 111822
807 , 56135
807 , 56135
807 , 48898
807 , 143472
807 , 143472
807 , 143472
807 , 143472
807 , 143472
807 , 200473
807 , 35983
807 , 74454
807 , 103926
807 , 192674
807 , 192674
807 , 74454
807 , 161714
807 , 13912
807 , 167135
807 , 164799
807 , 164799
807 , 164799
807 , 164799
807 , 193523
807 , 164799
807 , 20993
807 , 194188
807 , 195671
807 , 215846
807 , 34245
807 , 104602
807 , 51421
807 , 161573
807 , 169785
807 , 142885
807 , 208139
807 , 66367
807 , 158111
807 , 158111
807 , 61906
807 , 61906
807 , 138676
807 , 68129
807 , 126076
807 , 44060
807 , 162706
807 , 78761
807 , 78761
807 , 114614
807 , 3887
807 , 79361
807 , 79361
807 , 200619
807 , 200619
807 , 172458
807 , 161450
807 , 97095
807 , 161450
807 , 97095
807 , 124822
807 , 134099
807 , 32521
807 , 138420
807 , 211244
807 , 170689
807 , 35617
807 , 103936
807 , 185612
807 , 216000
807 , 170679
807 , 215928
807 , 215928
807 , 215928
807 , 156133
807 , 215928
807 , 173000
807 , 153620
807 , 164899
807 , 215928
807 , 215928
807 , 215928
807 , 215928
807 , 156133
807 , 215928
807 , 173000
807 , 153620
807 , 164899
807 , 215928
807 , 56135
807 , 56135
807 , 48898
807 , 143472
807 , 143472
807 , 143472
807 , 143472
807 , 143472
807 , 215928
807 , 215928
807 , 215928
807 , 156133
807 , 215928
807 , 173000
807 , 153620
807 , 164899
807 , 215928
808 , 215934
809 , 215930
810 , 215931
810 , 126975
810 , 126975
811 , 215937
811 , 215937
811 , 215937
812 , 215480
812 , 215480
812 , 215480
812 , 215480
812 , 215480
812 , 215480
812 , 215480
812 , 215480
812 , 215480
812 , 215480
812 , 215480
812 , 215480
812 , 215480
812 , 215480
812 , 215480
812 , 215480
812 , 215480
812 , 215480
813 , 215938
813 , 215938
814 , 215928
814 , 215928
814 , 215928
814 , 156133
814 , 215928
814 , 173000
814 , 153620
814 , 164899
814 , 215928
814 , 215928
814 , 215928
814 , 215928
814 , 156133
814 , 215928
814 , 173000
814 , 153620
814 , 164899
814 , 215928
814 , 107059
814 , 161721
814 , 161721
814 , 161721
814 , 161721
814 , 161721
814 , 111822
814 , 56135
814 , 56135
814 , 48898
814 , 143472
814 , 143472
814 , 143472
814 , 143472
814 , 143472
814 , 200473
814 , 35983
814 , 74454
814 , 103926
814 , 192674
814 , 192674
814 , 74454
814 , 161714
814 , 13912
814 , 167135
814 , 164799
814 , 164799
814 , 164799
814 , 164799
814 , 193523
814 , 164799
814 , 20993
814 , 194188
814 , 195671
814 , 215846
814 , 34245
814 , 104602
814 , 51421
814 , 161573
814 , 169785
814 , 142885
814 , 208139
814 , 66367
814 , 158111
814 , 158111
814 , 61906
814 , 61906
814 , 138676
814 , 68129
814 , 126076
814 , 44060
814 , 162706
814 , 78761
814 , 78761
814 , 114614
814 , 3887
814 , 79361
814 , 79361
814 , 200619
814 , 200619
814 , 172458
814 , 161450
814 , 97095
814 , 161450
814 , 97095
814 , 124822
814 , 134099
814 , 32521
814 , 138420
814 , 211244
814 , 170689
814 , 35617
814 , 103936
814 , 185612
814 , 216000
814 , 170679
814 , 215928
814 , 215928
814 , 215928
814 , 156133
814 , 215928
814 , 173000
814 , 153620
814 , 164899
814 , 215928
814 , 215928
814 , 215928
814 , 215928
814 , 156133
814 , 215928
814 , 173000
814 , 153620
814 , 164899
814 , 215928
814 , 56135
814 , 56135
814 , 48898
814 , 143472
814 , 143472
814 , 143472
814 , 143472
814 , 143472
814 , 215928
814 , 215928
814 , 215928
814 , 156133
814 , 215928
814 , 173000
814 , 153620
814 , 164899
814 , 215928
815 , 215934
816 , 215917
817 , 215937
817 , 215937
817 , 215937
818 , 213012
818 , 134130
818 , 213012
818 , 134130
818 , 25081
818 , 110673
818 , 106155
818 , 106155
818 , 172625
818 , 22310
818 , 22310
818 , 213012
818 , 134130
818 , 213012
818 , 134130
818 , 172625
818 , 22310
818 , 22310
818 , 213012
818 , 134130
818 , 213012
818 , 134130
818 , 213012
818 , 134130
818 , 101545
818 , 213012
818 , 134130
818 , 169175
818 , 93184
818 , 119423
818 , 213725
818 , 213725
818 , 141249
818 , 41641
818 , 141069
818 , 2866
818 , 2866
818 , 2866
818 , 101545
818 , 134193
818 , 211647
818 , 38223
818 , 30646
818 , 179281
818 , 35216
818 , 97013
818 , 35987
818 , 188618
818 , 188618
818 , 188618
818 , 188618
818 , 213012
818 , 134130
818 , 25646
818 , 79677
818 , 25646
818 , 25646
818 , 193646
818 , 213012
818 , 134130
818 , 213012
818 , 134130
818 , 213012
818 , 134130
819 , 216031
819 , 216031
819 , 216031
819 , 216031
819 , 216031
819 , 215529
819 , 216031
820 , 215938
820 , 215938
821 , 214794
821 , 214794
821 , 214794
822 , 214795
822 , 214795
822 , 214795
822 , 214795
822 , 214795
822 , 214795
822 , 214795
822 , 214795
822 , 214795
822 , 214795
822 , 214795
822 , 202679
822 , 66515
822 , 13532
822 , 75106
822 , 81551
822 , 81551
822 , 81551
822 , 214795
822 , 214795
822 , 214795
822 , 214795
822 , 214795
822 , 214795
822 , 214795
822 , 214795
822 , 214795
822 , 214795
822 , 214795
822 , 214795
822 , 214795
822 , 214795
822 , 214795
822 , 214795
822 , 214795
822 , 214795
822 , 214795
822 , 214795
822 , 214795
822 , 214795
822 , 214795
822 , 214795
822 , 214795
822 , 214795
822 , 214795
822 , 214795
822 , 214795
822 , 214795
822 , 214795
822 , 214795
822 , 214795
822 , 13532
822 , 214795
822 , 214795
822 , 214795
822 , 214795
822 , 214795
822 , 214795
822 , 214795
822 , 214795
822 , 214795
822 , 214795
822 , 214795
822 , 214795
822 , 214795
822 , 214795
822 , 214795
822 , 214795
822 , 214795
822 , 214795
822 , 214795
822 , 214795
822 , 214795
822 , 214795
822 , 141141
822 , 141141
822 , 141141
822 , 141141
822 , 141141
822 , 141141
822 , 141141
822 , 141141
822 , 141141
822 , 141141
822 , 141141
822 , 214795
822 , 214795
822 , 214795
822 , 214795
822 , 214795
822 , 214795
822 , 214795
822 , 214795
822 , 214795
822 , 214795
822 , 214795
822 , 214795
822 , 214795
822 , 214795
822 , 214795
822 , 214795
822 , 214795
822 , 214795
822 , 214795
822 , 214795
822 , 214795
822 , 214795
822 , 214795
822 , 214795
822 , 214795
822 , 214795
822 , 214795
822 , 214795
822 , 214795
822 , 214795
822 , 214795
822 , 214795
822 , 214795
823 , 104128
823 , 213725
823 , 13926
823 , 3835
826 , 831
826 , 831
826 , 831
826 , 831
826 , 831
826 , 831
826 , 831
826 , 831
826 , 831
826 , 831
826 , 196653
826 , 196653
826 , 196653
826 , 196653
826 , 196653
826 , 33483
826 , 33483
826 , 33483
826 , 33483
826 , 33483
826 , 831
826 , 831
826 , 831
826 , 831
826 , 831
826 , 831
826 , 831
826 , 831
826 , 831
826 , 831
826 , 831
826 , 831
826 , 831
826 , 831
826 , 831
830 , 70460
830 , 180968
830 , 131886
830 , 131886
830 , 123674
830 , 193063
830 , 193063
830 , 193063
830 , 49721
830 , 87683
830 , 62975
830 , 122129
830 , 64068
830 , 64068
830 , 64068
830 , 204673
830 , 204673
830 , 204673
830 , 204673
830 , 70460
830 , 70460
830 , 70460
830 , 64572
830 , 79301
830 , 180968
830 , 131886
830 , 131886
830 , 123674
830 , 193063
830 , 193063
830 , 193063
830 , 49721
830 , 87683
830 , 62975
830 , 122129
830 , 64068
830 , 64068
830 , 64068
830 , 204673
830 , 204673
830 , 204673
830 , 204673
830 , 70460
830 , 70460
830 , 70460
830 , 64572
830 , 79301
830 , 180968
830 , 131886
830 , 131886
830 , 123674
830 , 193063
830 , 193063
830 , 193063
830 , 49721
830 , 87683
830 , 62975
830 , 122129
830 , 64068
830 , 64068
830 , 64068
830 , 204673
830 , 204673
830 , 204673
830 , 204673
830 , 70460
830 , 70460
830 , 70460
830 , 64572
830 , 79301
830 , 50765
830 , 70560
831 , 196653
831 , 196653
831 , 196653
831 , 196653
831 , 196653
831 , 33483
831 , 33483
831 , 33483
831 , 33483
831 , 33483
833 , 930
835 , 930
837 , 930
839 , 930
840 , 844
840 , 844
840 , 844
841 , 930
842 , 846
843 , 930
845 , 930
847 , 930
849 , 930
850 , 930
851 , 857
852 , 857
853 , 930
855 , 930
856 , 857
858 , 930
860 , 930
861 , 865
861 , 865
861 , 865
862 , 930
864 , 930
866 , 930
867 , 930
869 , 930
870 , 930
871 , 881
872 , 930
874 , 930
875 , 881
876 , 930
878 , 930
880 , 930
882 , 930
883 , 898
884 , 898
885 , 930
887 , 930
888 , 898
889 , 898
890 , 930
892 , 930
894 , 930
896 , 930
897 , 898
899 , 930
901 , 930
902 , 906
903 , 930
904 , 908
905 , 930
907 , 930
909 , 930
911 , 930
912 , 920
913 , 930
915 , 930
916 , 920
917 , 930
918 , 925
919 , 930
921 , 930
923 , 930
924 , 930
926 , 930
928 , 930
933 , 163554
934 , 39522
934 , 94544
934 , 94544
934 , 94544
934 , 61934
934 , 61934
934 , 61934
934 , 61934
934 , 61934
934 , 61934
934 , 61934
934 , 61934
934 , 56905
934 , 56905
934 , 56905
934 , 191428
934 , 132547
934 , 132547
934 , 132547
934 , 39522
934 , 191428
934 , 191428
934 , 73247
934 , 73247
934 , 163696
934 , 22716
934 , 22716
934 , 22716
934 , 201212
934 , 201212
934 , 100439
934 , 100439
934 , 100439
934 , 78033
934 , 78033
934 , 78033
935 , 41548
935 , 41548
935 , 92780
935 , 92780
935 , 3310
935 , 3310
935 , 92780
935 , 201425
935 , 201425
935 , 41548
935 , 41548
935 , 92780
935 , 92780
935 , 3310
935 , 3310
935 , 92780
935 , 181696
935 , 181696
935 , 181696
938 , 215842
938 , 215842
938 , 215842
938 , 215842
938 , 215842
938 , 215842
938 , 215842
938 , 215842
938 , 215842
938 , 215842
938 , 215842
938 , 215842
938 , 215842
938 , 215842
938 , 215842
938 , 215842
938 , 107010
938 , 47513
938 , 6626
938 , 215842
938 , 215842
938 , 215842
938 , 215842
938 , 215842
938 , 215842
938 , 215842
938 , 215842
938 , 215842
938 , 215842
938 , 215842
938 , 215842
938 , 215842
938 , 215842
938 , 215842
938 , 215842
938 , 197881
938 , 114545
938 , 17712
938 , 17712
938 , 17712
938 , 17712
938 , 17712
938 , 17712
938 , 17712
938 , 17712
938 , 17712
938 , 17712
938 , 17712
938 , 17712
938 , 17712
938 , 17712
938 , 17712
938 , 17712
938 , 17712
938 , 17712
938 , 17712
938 , 17712
938 , 17712
938 , 17712
938 , 17712
938 , 17712
938 , 17712
938 , 17712
938 , 17712
938 , 17712
938 , 17712
938 , 17712
938 , 17712
938 , 17712
938 , 192326
938 , 116625
938 , 168343
938 , 75499
938 , 35863
938 , 35863
938 , 73002
938 , 1727
938 , 1727
938 , 1727
938 , 49580
938 , 49580
938 , 1727
938 , 1727
938 , 49580
938 , 1727
938 , 132280
938 , 1727
938 , 1727
938 , 1727
938 , 1727
938 , 1727
938 , 1727
938 , 1727
938 , 1727
938 , 1727
938 , 1727
938 , 1727
938 , 1727
938 , 1727
938 , 49580
938 , 49580
938 , 1727
938 , 1727
938 , 49580
938 , 1727
938 , 132280
938 , 1727
938 , 1727
938 , 1727
938 , 1727
938 , 1727
938 , 1727
938 , 1727
938 , 1727
938 , 1727
938 , 1727
938 , 1727
938 , 1727
938 , 1727
938 , 49580
938 , 49580
938 , 1727
938 , 1727
938 , 49580
938 , 1727
938 , 132280
938 , 1727
938 , 1727
938 , 1727
938 , 1727
938 , 1727
938 , 1727
938 , 1727
938 , 1727
938 , 1727
938 , 1727
938 , 8983
938 , 102415
938 , 102415
938 , 97013
938 , 194987
938 , 46006
938 , 117036
938 , 204064
938 , 179433
938 , 179433
938 , 179433
938 , 39468
938 , 75568
938 , 39493
938 , 215842
938 , 215842
938 , 215842
938 , 215842
938 , 215842
938 , 215842
938 , 215842
938 , 215842
938 , 215842
938 , 215842
938 , 215842
938 , 215842
938 , 215842
938 , 215842
938 , 215842
938 , 215842
938 , 141320
938 , 203563
938 , 180108
938 , 180108
938 , 203563
938 , 209952
938 , 191522
938 , 14518
938 , 11416
938 , 11416
938 , 27369
938 , 203563
938 , 180108
938 , 180108
938 , 203563
938 , 209952
938 , 191522
938 , 14518
938 , 11416
938 , 11416
938 , 27369
938 , 101142
938 , 101142
938 , 66758
938 , 101142
938 , 101142
938 , 101142
938 , 101142
938 , 101142
938 , 101142
938 , 101142
938 , 101142
938 , 101142
938 , 101142
938 , 101142
938 , 101142
938 , 101142
938 , 101142
938 , 101142
938 , 101142
938 , 66758
938 , 101142
938 , 101142
938 , 101142
938 , 101142
938 , 101142
938 , 101142
938 , 101142
938 , 101142
938 , 101142
938 , 101142
938 , 101142
938 , 101142
938 , 101142
938 , 101142
938 , 203186
938 , 203186
938 , 56804
938 , 203186
938 , 191460
938 , 92015
938 , 203186
938 , 118962
938 , 203186
938 , 92015
938 , 178970
938 , 203186
938 , 203186
938 , 203186
938 , 203186
938 , 203186
938 , 203186
938 , 198958
938 , 137030
938 , 203186
938 , 203186
938 , 166675
938 , 203186
938 , 203186
938 , 204007
938 , 204007
938 , 203186
938 , 203186
938 , 203186
938 , 56804
938 , 203186
938 , 191460
938 , 92015
938 , 203186
938 , 118962
938 , 203186
938 , 92015
938 , 178970
938 , 203186
938 , 203186
938 , 203186
938 , 203186
938 , 203186
938 , 203186
938 , 198958
938 , 137030
938 , 203186
938 , 203186
938 , 166675
938 , 203186
938 , 203186
938 , 204007
938 , 204007
938 , 203186
938 , 203186
938 , 203186
938 , 56804
938 , 203186
938 , 191460
938 , 92015
938 , 203186
938 , 118962
938 , 203186
938 , 92015
938 , 178970
938 , 203186
938 , 203186
938 , 203186
938 , 203186
938 , 203186
938 , 203186
938 , 198958
938 , 137030
938 , 203186
938 , 203186
938 , 166675
938 , 203186
938 , 203186
938 , 204007
938 , 204007
938 , 203186
938 , 55152
938 , 126170
938 , 27318
938 , 182147
938 , 53091
938 , 118009
938 , 182116
938 , 182116
938 , 188146
938 , 18476
938 , 215842
938 , 215842
938 , 215842
938 , 215842
938 , 215842
938 , 215842
938 , 215842
938 , 215842
938 , 215842
938 , 215842
938 , 215842
938 , 215842
938 , 215842
938 , 215842
938 , 215842
938 , 215842
938 , 87657
938 , 59480
938 , 91536
938 , 134193
938 , 215842
938 , 215842
938 , 215842
938 , 215842
938 , 215842
938 , 215842
938 , 215842
938 , 215842
938 , 215842
938 , 215842
938 , 215842
938 , 215842
938 , 215842
938 , 215842
938 , 215842
938 , 215842
938 , 190306
938 , 190306
938 , 190306
938 , 190306
938 , 59850
938 , 190306
938 , 190306
938 , 190306
938 , 190306
938 , 190306
938 , 190306
938 , 190306
938 , 190306
938 , 190306
938 , 190306
938 , 190306
938 , 24618
938 , 190306
938 , 202773
938 , 202773
938 , 41641
938 , 41641
938 , 140825
938 , 41641
938 , 41641
938 , 55737
938 , 41641
938 , 41641
938 , 41641
938 , 41641
938 , 41641
938 , 41641
938 , 41641
938 , 41641
938 , 41641
938 , 41641
938 , 41641
938 , 41641
938 , 196535
938 , 215842
938 , 215842
938 , 215842
938 , 215842
938 , 215842
938 , 215842
938 , 215842
938 , 215842
938 , 215842
938 , 215842
938 , 215842
938 , 215842
938 , 215842
938 , 215842
938 , 215842
938 , 215842
938 , 141369
938 , 196430
938 , 215842
938 , 215842
938 , 215842
938 , 215842
938 , 215842
938 , 215842
938 , 215842
938 , 215842
938 , 215842
938 , 215842
938 , 215842
938 , 215842
938 , 215842
938 , 215842
938 , 215842
938 , 215842
939 , 215845
939 , 215845
939 , 215845
939 , 215845
939 , 215845
939 , 215845
939 , 215845
939 , 215845
939 , 215845
939 , 215845
939 , 215845
939 , 215845
939 , 215845
939 , 215845
939 , 215845
939 , 215845
939 , 215845
939 , 215845
939 , 215845
939 , 215845
939 , 215845
939 , 215845
939 , 215845
939 , 215845
939 , 215845
939 , 215845
939 , 215845
939 , 215845
939 , 215845
939 , 215845
939 , 215845
939 , 215845
939 , 215845
939 , 215845
939 , 215845
939 , 215845
939 , 215845
939 , 215845
939 , 215845
939 , 215845
939 , 215845
939 , 215845
939 , 215845
939 , 215845
939 , 215845
939 , 215845
939 , 215845
939 , 215845
939 , 215845
939 , 215845
939 , 215845
939 , 215845
939 , 215845
939 , 215845
939 , 215845
939 , 215845
939 , 215845
939 , 215848
939 , 215848
939 , 215848
939 , 215848
939 , 215848
939 , 215848
939 , 215848
939 , 215848
939 , 215848
939 , 215848
939 , 215848
939 , 215848
939 , 215848
939 , 215848
939 , 215848
939 , 215848
939 , 215848
939 , 215848
939 , 215848
939 , 185942
939 , 5287
939 , 215845
939 , 215845
939 , 215845
939 , 215845
939 , 215845
939 , 215845
939 , 215845
939 , 215845
939 , 215845
939 , 215845
939 , 215845
939 , 215845
939 , 215845
939 , 215845
939 , 215845
939 , 215845
939 , 215845
939 , 215845
939 , 215845
939 , 123264
939 , 161573
939 , 365
939 , 134949
939 , 1727
939 , 148067
939 , 193063
939 , 201152
939 , 20109
939 , 58028
939 , 58028
939 , 58028
939 , 58028
939 , 58028
939 , 58028
939 , 58028
939 , 58028
939 , 58028
939 , 58028
939 , 58028
939 , 58028
939 , 58028
939 , 58028
939 , 58028
939 , 58028
939 , 58028
939 , 58028
939 , 58028
939 , 81097
939 , 81097
939 , 81097
939 , 81097
939 , 81097
939 , 81097
939 , 81097
939 , 81097
939 , 115243
939 , 81097
939 , 81097
939 , 81097
939 , 81097
939 , 81097
939 , 81097
939 , 81097
939 , 81097
939 , 81097
939 , 191778
939 , 81097
939 , 171217
939 , 81097
939 , 177776
939 , 132830
939 , 132830
939 , 98690
939 , 98690
939 , 98690
939 , 98690
939 , 98690
939 , 98690
939 , 98690
939 , 98690
939 , 98690
939 , 98690
939 , 98690
939 , 98690
939 , 98690
939 , 98690
939 , 98690
939 , 98690
939 , 98690
939 , 98690
939 , 98690
939 , 216094
939 , 202469
939 , 158145
939 , 139455
939 , 139455
939 , 139455
939 , 139455
940 , 215848
940 , 215848
940 , 215848
940 , 215848
940 , 215848
940 , 215848
940 , 215848
940 , 215848
940 , 215848
940 , 215848
940 , 215848
940 , 215848
940 , 215848
940 , 215848
940 , 215848
940 , 215848
940 , 215848
940 , 215848
940 , 215848
940 , 215845
940 , 215845
940 , 215845
940 , 215845
940 , 215845
940 , 215845
940 , 215845
940 , 215845
940 , 215845
940 , 215845
940 , 215845
940 , 215845
940 , 215845
940 , 215845
940 , 215845
940 , 215845
940 , 215845
940 , 215845
940 , 215845
940 , 215848
940 , 215848
940 , 215848
940 , 215848
940 , 215848
940 , 215848
940 , 215848
940 , 215848
940 , 215848
940 , 215848
940 , 215848
940 , 215848
940 , 215848
940 , 215848
940 , 215848
940 , 215848
940 , 215848
940 , 215848
940 , 215848
940 , 185942
940 , 215848
940 , 215848
940 , 215848
940 , 215848
940 , 215848
940 , 215848
940 , 215848
940 , 215848
940 , 215848
940 , 215848
940 , 215848
940 , 215848
940 , 215848
940 , 215848
940 , 215848
940 , 215848
940 , 215848
940 , 215848
940 , 215848
940 , 1727
940 , 148067
940 , 193063
940 , 215848
940 , 215848
940 , 215848
940 , 215848
940 , 215848
940 , 215848
940 , 215848
940 , 215848
940 , 215848
940 , 215848
940 , 215848
940 , 215848
940 , 215848
940 , 215848
940 , 215848
940 , 215848
940 , 215848
940 , 215848
940 , 215848
940 , 140825
940 , 140825
940 , 140825
940 , 140825
940 , 140825
940 , 140825
940 , 41641
940 , 140825
940 , 140825
940 , 140825
940 , 140825
940 , 140825
940 , 140825
940 , 140825
940 , 140825
940 , 140825
940 , 140825
940 , 140825
940 , 140825
940 , 140825
940 , 173959
940 , 173959
940 , 173959
940 , 173959
940 , 173959
940 , 173959
940 , 173959
940 , 173959
940 , 173959
940 , 173959
940 , 173959
940 , 173959
940 , 173959
940 , 173959
940 , 173959
940 , 173959
940 , 173959
940 , 173959
940 , 173959
940 , 66734
940 , 66734
940 , 66734
940 , 66734
940 , 66734
940 , 66734
940 , 66734
940 , 66734
940 , 66734
940 , 66734
940 , 66734
940 , 66734
940 , 66734
940 , 66734
940 , 66734
940 , 66734
940 , 66734
940 , 66734
940 , 66734
940 , 198545
940 , 76436
940 , 76436
940 , 76436
940 , 76436
940 , 76436
940 , 76436
940 , 76436
940 , 76436
940 , 76436
940 , 76436
940 , 76436
940 , 76436
940 , 76436
940 , 76436
940 , 76436
940 , 76436
940 , 76436
940 , 76436
940 , 76436
940 , 4501
940 , 215848
940 , 215848
940 , 215848
940 , 215848
940 , 215848
940 , 215848
940 , 215848
940 , 215848
940 , 215848
940 , 215848
940 , 215848
940 , 215848
940 , 215848
940 , 215848
940 , 215848
940 , 215848
940 , 215848
940 , 215848
940 , 215848
940 , 215848
940 , 215848
940 , 215848
940 , 215848
940 , 215848
940 , 215848
940 , 215848
940 , 215848
940 , 215848
940 , 215848
940 , 215848
940 , 215848
940 , 215848
940 , 215848
940 , 215848
940 , 215848
940 , 215848
940 , 215848
940 , 215848
940 , 215848
940 , 215848
940 , 215848
940 , 215848
940 , 215848
940 , 215848
940 , 215848
940 , 215848
940 , 215848
940 , 215848
940 , 215848
940 , 215848
940 , 215848
940 , 215848
940 , 215848
940 , 215848
940 , 215848
940 , 215848
940 , 215848
940 , 215848
940 , 215848
940 , 215848
940 , 215848
940 , 215848
940 , 215848
940 , 215848
940 , 215848
940 , 215848
940 , 215848
940 , 215848
940 , 215848
940 , 215848
940 , 215848
940 , 215848
940 , 215848
940 , 215848
940 , 215848
940 , 215848
940 , 215848
940 , 215848
940 , 215848
940 , 215848
940 , 215848
940 , 215848
940 , 215848
940 , 215848
940 , 215848
940 , 215848
940 , 215848
940 , 215848
940 , 215848
940 , 215848
940 , 215848
940 , 215848
940 , 215848
940 , 215848
940 , 215848
940 , 140825
940 , 140825
940 , 140825
940 , 140825
940 , 140825
940 , 140825
940 , 41641
940 , 140825
940 , 140825
940 , 140825
940 , 140825
940 , 140825
940 , 140825
940 , 140825
940 , 140825
940 , 140825
940 , 140825
940 , 140825
940 , 140825
940 , 140825
940 , 173959
940 , 173959
940 , 173959
940 , 173959
940 , 173959
940 , 173959
940 , 173959
940 , 173959
940 , 173959
940 , 173959
940 , 173959
940 , 173959
940 , 173959
940 , 173959
940 , 173959
940 , 173959
940 , 173959
940 , 173959
940 , 173959
940 , 66734
940 , 66734
940 , 66734
940 , 66734
940 , 66734
940 , 66734
940 , 66734
940 , 66734
940 , 66734
940 , 66734
940 , 66734
940 , 66734
940 , 66734
940 , 66734
940 , 66734
940 , 66734
940 , 66734
940 , 66734
940 , 66734
940 , 198545
940 , 215848
940 , 215848
940 , 215848
940 , 215848
940 , 215848
940 , 215848
940 , 215848
940 , 215848
940 , 215848
940 , 215848
940 , 215848
940 , 215848
940 , 215848
940 , 215848
940 , 215848
940 , 215848
940 , 215848
940 , 215848
940 , 215848
942 , 46540
943 , 955
943 , 955
943 , 185234
943 , 955
944 , 207091
944 , 207091
944 , 182149
944 , 182149
944 , 207091
944 , 182149
944 , 207091
944 , 207091
944 , 207091
944 , 174225
944 , 198083
944 , 198083
944 , 198083
944 , 191950
944 , 64239
944 , 185162
944 , 100555
944 , 172566
944 , 172566
944 , 180786
944 , 180786
944 , 180786
944 , 195030
944 , 207091
944 , 207091
944 , 207091
944 , 207091
944 , 174225
944 , 198083
944 , 198083
944 , 198083
944 , 191950
944 , 64239
944 , 185162
944 , 100555
944 , 172566
944 , 172566
944 , 180786
944 , 180786
944 , 180786
944 , 195030
944 , 207091
944 , 207091
944 , 121643
944 , 212411
944 , 131886
944 , 131886
944 , 131886
944 , 210449
944 , 210449
944 , 210449
944 , 119398
944 , 119398
944 , 133915
944 , 131886
944 , 131886
944 , 131886
944 , 210449
944 , 210449
944 , 210449
944 , 119398
944 , 119398
944 , 133915
944 , 204077
944 , 204077
944 , 204077
944 , 204077
944 , 401
944 , 112321
944 , 112321
944 , 112321
944 , 401
944 , 112321
944 , 112321
944 , 112321
944 , 48916
944 , 48916
944 , 48916
944 , 48916
944 , 98937
944 , 98937
944 , 194740
944 , 194740
944 , 98937
944 , 87701
944 , 194740
944 , 98937
944 , 98937
944 , 98937
944 , 115025
944 , 115025
944 , 115025
944 , 70548
944 , 70548
944 , 70548
944 , 98937
944 , 98937
944 , 98937
944 , 98937
944 , 115025
944 , 115025
944 , 115025
944 , 70548
944 , 70548
944 , 70548
944 , 98937
944 , 98937
944 , 40305
944 , 40305
944 , 40305
944 , 40305
944 , 40305
944 , 40305
944 , 58548
944 , 58548
944 , 58548
944 , 40305
944 , 40305
944 , 40305
944 , 40305
944 , 58548
944 , 58548
944 , 58548
944 , 40305
944 , 40305
944 , 77987
944 , 77987
944 , 77987
944 , 215350
944 , 215350
944 , 215350
944 , 215350
944 , 215350
944 , 215350
944 , 204503
944 , 204503
944 , 204503
944 , 204503
944 , 204503
944 , 204503
944 , 204503
944 , 204503
944 , 204503
944 , 204503
944 , 204503
944 , 204503
944 , 141818
944 , 141818
944 , 141818
944 , 141818
944 , 141818
944 , 141818
944 , 174338
944 , 174338
944 , 174338
944 , 174338
944 , 134292
944 , 134292
944 , 134292
944 , 84196
944 , 84196
944 , 84196
944 , 84196
944 , 84196
944 , 84196
944 , 195079
944 , 195079
944 , 195079
944 , 180819
944 , 180819
944 , 180819
944 , 180819
944 , 180819
944 , 180819
944 , 183729
944 , 136037
944 , 136037
944 , 136037
944 , 207091
944 , 207091
944 , 182149
944 , 182149
944 , 207091
944 , 182149
944 , 207091
944 , 207091
944 , 207091
944 , 174225
944 , 198083
944 , 198083
944 , 198083
944 , 191950
944 , 64239
944 , 185162
944 , 100555
944 , 172566
944 , 172566
944 , 180786
944 , 180786
944 , 180786
944 , 195030
944 , 207091
944 , 207091
944 , 207091
944 , 207091
944 , 174225
944 , 198083
944 , 198083
944 , 198083
944 , 191950
944 , 64239
944 , 185162
944 , 100555
944 , 172566
944 , 172566
944 , 180786
944 , 180786
944 , 180786
944 , 195030
944 , 207091
944 , 207091
944 , 121643
944 , 212411
944 , 133235
944 , 114430
944 , 114430
944 , 213354
944 , 213354
944 , 213354
944 , 134376
944 , 134376
944 , 134376
944 , 134376
944 , 134376
944 , 134376
944 , 114440
944 , 49445
944 , 114440
944 , 49445
944 , 114441
944 , 114441
944 , 11041
944 , 11041
947 , 156824
947 , 156824
947 , 156824
949 , 955
949 , 955
949 , 185234
949 , 955
950 , 15721
950 , 15721
950 , 15721
950 , 15721
950 , 205708
950 , 15721
950 , 15721
950 , 212384
950 , 15721
950 , 15721
950 , 15721
950 , 15721
950 , 212384
950 , 15721
950 , 15721
950 , 100367
950 , 100367
950 , 100367
950 , 100367
950 , 100367
950 , 100367
950 , 207662
950 , 207662
950 , 207662
950 , 207662
950 , 192774
950 , 15721
950 , 15721
950 , 15721
950 , 15721
950 , 205708
950 , 15721
950 , 15721
950 , 212384
950 , 15721
950 , 15721
950 , 15721
950 , 15721
950 , 212384
950 , 15721
950 , 15721
950 , 145015
950 , 145015
950 , 15721
950 , 15721
950 , 15721
950 , 15721
950 , 205708
950 , 15721
950 , 15721
950 , 212384
950 , 15721
950 , 15721
950 , 15721
950 , 15721
950 , 212384
950 , 15721
950 , 15721
951 , 210170
951 , 115815
951 , 210170
951 , 24076
951 , 206348
951 , 210170
951 , 210170
951 , 98127
951 , 24076
951 , 206348
951 , 210170
951 , 210170
951 , 98127
951 , 210170
951 , 214915
951 , 210170
951 , 210170
951 , 71878
951 , 16478
951 , 57574
951 , 210170
951 , 210170
951 , 178310
951 , 210170
951 , 210170
951 , 178310
951 , 210170
951 , 210170
951 , 210170
951 , 115815
951 , 210170
951 , 24076
951 , 206348
951 , 210170
951 , 210170
951 , 98127
951 , 24076
951 , 206348
951 , 210170
951 , 210170
951 , 98127
951 , 210170
951 , 214915
951 , 210170
951 , 210170
951 , 71878
951 , 16478
951 , 57574
951 , 210170
951 , 210170
951 , 178310
951 , 210170
951 , 210170
951 , 178310
951 , 210170
951 , 210170
951 , 85592
951 , 85592
951 , 85592
951 , 85592
951 , 85592
951 , 85592
951 , 85592
951 , 85592
951 , 85592
951 , 85592
951 , 85592
951 , 85592
951 , 60547
951 , 60547
951 , 60547
951 , 60547
951 , 60547
951 , 44197
951 , 44197
951 , 44197
951 , 44197
951 , 44197
951 , 44197
951 , 44197
951 , 44197
951 , 147064
951 , 160690
951 , 160690
951 , 160690
951 , 160690
951 , 160690
951 , 160690
951 , 38223
951 , 160186
951 , 160186
951 , 160186
951 , 38223
951 , 160186
951 , 160186
951 , 160186
951 , 215523
952 , 213464
952 , 213464
952 , 71115
952 , 71115
952 , 213105
952 , 213105
953 , 60254
953 , 60254
953 , 60254
953 , 60254
953 , 60254
953 , 60254
953 , 60254
953 , 60254
954 , 193652
954 , 193652
954 , 174422
954 , 193652
954 , 193652
954 , 193652
954 , 55526
954 , 39189
954 , 183881
954 , 193652
954 , 193652
954 , 193652
954 , 197214
954 , 193652
954 , 193652
954 , 197214
954 , 193652
954 , 193652
954 , 193652
954 , 174422
954 , 193652
954 , 167571
954 , 190306
954 , 24618
954 , 197214
954 , 193652
954 , 3623
954 , 141416
954 , 193652
954 , 193652
954 , 193652
955 , 185234
957 , 210852
957 , 210852
957 , 210852
957 , 210852
957 , 210852
957 , 210852
957 , 210852
957 , 210852
959 , 139076
959 , 139060
959 , 7537
959 , 139076
959 , 139060
959 , 101758
959 , 101758
959 , 101758
959 , 101758
959 , 178867
959 , 139076
959 , 139060
962 , 210010
962 , 211374
962 , 212976
962 , 211374
962 , 215129
962 , 215129
962 , 211374
962 , 211374
962 , 212976
962 , 211374
962 , 211374
962 , 211374
962 , 210010
962 , 211374
962 , 212976
962 , 211374
962 , 215129
962 , 215129
962 , 211374
962 , 211374
962 , 212976
962 , 211374
962 , 211374
962 , 211374
962 , 210010
962 , 211374
962 , 212976
962 , 211374
962 , 215129
962 , 215129
962 , 211374
962 , 211374
962 , 212976
962 , 211374
962 , 211374
962 , 211374
962 , 206111
962 , 206111
962 , 208619
962 , 208619
962 , 208619
962 , 208619
962 , 208619
962 , 208619
962 , 208619
962 , 212977
962 , 100830
962 , 100830
962 , 212977
962 , 115297
962 , 115297
962 , 214154
962 , 214154
962 , 115297
962 , 115297
962 , 115297
962 , 115297
962 , 115297
962 , 210010
962 , 211374
962 , 212976
962 , 211374
962 , 215129
962 , 215129
962 , 211374
962 , 211374
962 , 212976
962 , 211374
962 , 211374
962 , 211374
964 , 136588
965 , 216074
965 , 140144
965 , 216074
965 , 216074
965 , 140144
965 , 216074
965 , 216074
965 , 140144
965 , 216074
965 , 216074
965 , 140144
965 , 216074
966 , 216075
966 , 216075
966 , 216075
966 , 216075
966 , 168540
966 , 7710
966 , 35854
966 , 7710
966 , 35854
966 , 216075
966 , 216075
966 , 213259
966 , 214209
966 , 144272
966 , 216075
966 , 216075
966 , 215615
966 , 89531
967 , 216076
967 , 178015
967 , 178015
967 , 202874
967 , 180510
967 , 216076
967 , 216076
967 , 148732
967 , 210053
967 , 178131
967 , 120662
967 , 120662
967 , 120662
967 , 209437
967 , 120662
967 , 120662
967 , 120662
967 , 146698
967 , 46578
967 , 46578
967 , 46578
967 , 46578
967 , 46578
967 , 46578
967 , 107089
967 , 152884
967 , 202169
967 , 114985
967 , 107089
967 , 152884
967 , 202169
967 , 114985
967 , 89614
967 , 148738
967 , 216076
967 , 178015
967 , 178015
967 , 202874
967 , 180510
967 , 216076
967 , 216076
967 , 148732
967 , 210053
967 , 178131
967 , 120662
967 , 120662
967 , 120662
967 , 209437
967 , 120662
967 , 120662
967 , 120662
967 , 146698
967 , 46578
967 , 46578
967 , 46578
967 , 46578
967 , 46578
967 , 46578
967 , 107089
967 , 152884
967 , 202169
967 , 114985
967 , 107089
967 , 152884
967 , 202169
967 , 114985
967 , 89614
967 , 148738
967 , 216076
968 , 216077
969 , 216078
969 , 216078
969 , 177848
969 , 216078
969 , 216078
969 , 216078
969 , 216078
969 , 216078
969 , 177848
969 , 216078
969 , 216078
969 , 216078
970 , 216079
971 , 216080
971 , 216080
971 , 216080
971 , 216080
971 , 43171
971 , 216080
971 , 216080
971 , 93492
971 , 79863
971 , 37660
971 , 79863
971 , 79863
971 , 214443
971 , 6728
971 , 6728
971 , 6728
971 , 6728
971 , 6728
971 , 6728
971 , 63224
971 , 63224
971 , 1086
971 , 63224
971 , 63224
971 , 63224
971 , 63224
971 , 6722
971 , 6722
971 , 6722
971 , 6722
971 , 6722
971 , 6722
971 , 204935
971 , 79863
971 , 79863
971 , 79863
971 , 79863
971 , 63638
971 , 159125
971 , 47976
971 , 47976
971 , 47976
971 , 69662
971 , 47976
971 , 47976
971 , 47976
971 , 79863
971 , 79863
971 , 201495
971 , 201495
971 , 14417
971 , 14417
971 , 79684
971 , 79863
971 , 79863
971 , 129210
971 , 73067
971 , 208541
971 , 19695
971 , 19695
971 , 198907
971 , 198907
971 , 210053
971 , 175396
971 , 136753
971 , 146698
971 , 71915
971 , 107089
971 , 138638
971 , 180944
971 , 107089
971 , 138638
971 , 180944
971 , 134341
971 , 67791
971 , 67791
971 , 100413
971 , 100413
971 , 54533
971 , 111093
971 , 63224
971 , 63224
971 , 1086
971 , 63224
971 , 63224
971 , 63224
971 , 63224
971 , 63224
971 , 63224
971 , 1086
971 , 63224
971 , 63224
971 , 63224
971 , 63224
971 , 79863
971 , 79863
971 , 79863
971 , 179516
971 , 179516
971 , 74373
971 , 100413
971 , 100413
971 , 167051
971 , 188618
971 , 188618
971 , 134341
971 , 67791
971 , 67791
971 , 100413
971 , 100413
971 , 54533
971 , 111093
971 , 63224
971 , 63224
971 , 1086
971 , 63224
971 , 63224
971 , 63224
971 , 63224
971 , 79863
971 , 79863
972 , 216081
972 , 216081
972 , 63333
972 , 63333
972 , 63333
972 , 63333
972 , 63333
972 , 63333
972 , 63333
972 , 63333
972 , 216081
973 , 216085
974 , 216086
974 , 144268
974 , 144268
974 , 144268
974 , 144268
974 , 144268
974 , 216086
974 , 144268
974 , 144268
974 , 144268
974 , 144268
974 , 144268
974 , 216086
974 , 144268
974 , 144268
974 , 144268
974 , 144268
974 , 144268
974 , 216086
974 , 144268
974 , 144268
974 , 144268
974 , 144268
974 , 144268
975 , 215917
976 , 215937
976 , 215937
976 , 215937
977 , 216031
977 , 216031
977 , 216031
977 , 216031
977 , 216031
977 , 215529
977 , 216031
979 , 211283
979 , 211283
979 , 211283
979 , 164561
979 , 211283
979 , 211283
979 , 211283
979 , 211283
979 , 211283
979 , 211283
979 , 211283
979 , 211283
979 , 211283
979 , 164561
979 , 211283
979 , 211283
979 , 211283
979 , 211283
979 , 211283
979 , 211283
979 , 73304
979 , 179959
979 , 68070
979 , 149618
979 , 159947
979 , 55209
979 , 215846
979 , 157584
979 , 126855
979 , 159125
979 , 169785
979 , 100869
979 , 93108
979 , 115331
979 , 127703
979 , 84191
979 , 214999
979 , 16063
979 , 16063
979 , 212707
979 , 93955
979 , 122306
979 , 119709
979 , 36996
979 , 28906
979 , 109875
979 , 10613
979 , 44060
979 , 92736
979 , 185160
979 , 173848
979 , 173848
979 , 194502
979 , 161450
979 , 161450
979 , 180031
979 , 157709
979 , 6626
979 , 8366
979 , 74921
979 , 123551
979 , 115759
979 , 32521
979 , 32521
979 , 161172
979 , 67045
979 , 104622
979 , 63641
979 , 11661
980 , 200500
980 , 200500
980 , 200500
984 , 173509
984 , 173509
984 , 173509
987 , 138060
987 , 138060
987 , 138060
987 , 138060
987 , 138060
987 , 138060
987 , 138060
987 , 138060
987 , 138060
987 , 138060
987 , 138060
987 , 138060
987 , 207169
987 , 59590
987 , 103930
987 , 183784
987 , 202536
987 , 76439
987 , 176395
987 , 170238
987 , 42163
987 , 209109
987 , 202536
987 , 62571
987 , 58509
987 , 123464
987 , 135346
987 , 135346
987 , 135346
987 , 135346
987 , 171143
987 , 135346
987 , 194655
987 , 135346
987 , 82686
987 , 138060
987 , 138060
987 , 138060
987 , 138060
987 , 138060
987 , 138060
987 , 138060
987 , 138060
987 , 138060
987 , 138060
987 , 138060
987 , 138060
987 , 138060
987 , 138060
987 , 138060
987 , 138060
987 , 138060
987 , 138060
987 , 86782
987 , 198246
987 , 138060
987 , 138060
987 , 138060
987 , 138060
987 , 138060
987 , 138060
987 , 138060
987 , 138060
987 , 138060
987 , 138060
987 , 138060
987 , 138060
987 , 86782
987 , 198246
987 , 138060
987 , 138060
987 , 138060
987 , 138060
987 , 138060
987 , 138060
987 , 138060
987 , 138060
987 , 138060
987 , 138060
987 , 138060
987 , 138060
987 , 63974
987 , 63974
987 , 138060
987 , 138060
987 , 138060
987 , 138060
987 , 138060
987 , 138060
988 , 200167
988 , 147058
988 , 159286
988 , 146437
988 , 129596
988 , 206659
988 , 200167
988 , 147058
988 , 159286
988 , 146437
988 , 129596
988 , 206659
988 , 200167
988 , 147058
988 , 159286
988 , 146437
988 , 129596
988 , 206659
988 , 200167
988 , 147058
988 , 159286
988 , 146437
988 , 129596
988 , 206659
988 , 77701
988 , 195455
988 , 77701
988 , 195455
988 , 190280
988 , 190280
988 , 143753
988 , 197626
988 , 143753
988 , 197626
988 , 110335
988 , 64961
988 , 183821
988 , 77789
988 , 32546
988 , 198176
988 , 192646
988 , 110335
988 , 64961
988 , 183821
988 , 77789
988 , 32546
988 , 198176
988 , 192646
988 , 80387
988 , 80387
988 , 181340
988 , 132706
988 , 181340
988 , 132706
988 , 181340
988 , 200167
988 , 147058
988 , 159286
988 , 146437
988 , 129596
988 , 206659
988 , 200167
988 , 147058
988 , 159286
988 , 146437
988 , 129596
988 , 206659
988 , 122903
988 , 86424
988 , 183916
988 , 148881
988 , 122903
988 , 86424
988 , 183916
988 , 148881
988 , 143753
988 , 197626
988 , 143753
988 , 197626
988 , 200167
988 , 147058
988 , 159286
988 , 146437
988 , 129596
988 , 206659
988 , 200167
988 , 147058
988 , 159286
988 , 146437
988 , 129596
988 , 206659
990 , 194801
990 , 194801
990 , 194801
990 , 194801
990 , 194801
990 , 194801
990 , 194801
990 , 194801
990 , 9959
990 , 194801
990 , 194801
990 , 194801
990 , 194801
990 , 194801
990 , 194801
990 , 194801
990 , 194801
990 , 194801
990 , 194801
990 , 194801
990 , 194801
990 , 194801
990 , 194801
990 , 194801
990 , 194801
990 , 194801
990 , 194801
990 , 194801
990 , 194801
991 , 65273
991 , 202761
991 , 213269
991 , 96721
991 , 65273
991 , 202761
991 , 213269
991 , 134038
991 , 134038
991 , 134038
991 , 134038
991 , 134038
991 , 134038
991 , 134038
991 , 134038
991 , 134038
991 , 134038
991 , 202760
991 , 134038
991 , 202759
991 , 134038
991 , 134038
991 , 134038
991 , 163625
991 , 213267
991 , 65273
991 , 202761
991 , 213269
991 , 134038
991 , 134038
991 , 134038
991 , 134038
991 , 134038
991 , 134038
991 , 134038
991 , 134038
991 , 134038
991 , 134038
991 , 202760
991 , 134038
991 , 202759
991 , 134038
991 , 134038
991 , 134038
991 , 163625
991 , 213267
991 , 65273
991 , 202761
991 , 213269
991 , 65273
991 , 202761
991 , 213269
991 , 65273
991 , 202761
991 , 213269
991 , 65273
991 , 202761
991 , 213269
991 , 195386
991 , 65273
991 , 202761
991 , 213269
994 , 160281
994 , 160281
994 , 198080
994 , 88322
994 , 106752
994 , 160281
994 , 160281
994 , 160281
996 , 215340
997 , 128973
999 , 189148
999 , 189148
999 , 189148
