0 , 215917
1 , 215937
1 , 215937
1 , 215937
2 , 216031
2 , 216031
2 , 216031
2 , 216031
2 , 216031
2 , 215529
2 , 216031
3 , 214720
3 , 214720
3 , 104622
3 , 214720
3 , 214720
3 , 214720
3 , 214720
3 , 211014
3 , 214720
3 , 191706
3 , 214720
3 , 214720
3 , 31018
3 , 214720
3 , 214720
3 , 196625
3 , 214720
3 , 31018
3 , 149618
3 , 149618
3 , 149618
3 , 33269
3 , 156622
3 , 117490
3 , 117490
3 , 126855
3 , 117490
3 , 117490
3 , 117490
3 , 117490
3 , 132924
3 , 117490
3 , 75399
3 , 117490
3 , 117490
3 , 117490
3 , 117490
3 , 99430
3 , 117490
3 , 161573
3 , 161573
3 , 123264
3 , 161573
3 , 36556
3 , 60136
3 , 181684
3 , 59268
3 , 65334
3 , 93955
3 , 65334
3 , 93955
3 , 93955
3 , 173760
3 , 162671
3 , 1727
3 , 56283
3 , 56283
3 , 10613
3 , 72112
3 , 198404
3 , 50879
3 , 10613
3 , 72112
3 , 198404
3 , 109875
3 , 10613
3 , 108864
3 , 100406
3 , 108173
3 , 215202
3 , 132830
3 , 132830
3 , 10324
3 , 10324
3 , 107326
3 , 157709
3 , 157709
3 , 157709
3 , 202469
3 , 199303
3 , 37318
3 , 37318
3 , 214720
3 , 214720
3 , 104622
3 , 214720
3 , 214720
3 , 214720
3 , 214720
3 , 211014
3 , 214720
3 , 191706
3 , 214720
3 , 214720
3 , 31018
3 , 214720
3 , 214720
3 , 196625
3 , 214720
3 , 31018
3 , 117490
3 , 117490
3 , 126855
3 , 117490
3 , 117490
3 , 117490
3 , 117490
3 , 132924
3 , 117490
3 , 75399
3 , 117490
3 , 117490
3 , 117490
3 , 117490
3 , 99430
3 , 117490
3 , 214720
3 , 214720
3 , 104622
3 , 214720
3 , 214720
3 , 214720
3 , 214720
3 , 211014
3 , 214720
3 , 191706
3 , 214720
3 , 214720
3 , 31018
3 , 214720
3 , 214720
3 , 196625
3 , 214720
3 , 31018
3 , 117490
3 , 117490
3 , 126855
3 , 117490
3 , 117490
3 , 117490
3 , 117490
3 , 132924
3 , 117490
3 , 75399
3 , 117490
3 , 117490
3 , 117490
3 , 117490
3 , 99430
3 , 117490
3 , 214720
3 , 214720
3 , 104622
3 , 214720
3 , 214720
3 , 214720
3 , 214720
3 , 211014
3 , 214720
3 , 191706
3 , 214720
3 , 214720
3 , 31018
3 , 214720
3 , 214720
3 , 196625
3 , 214720
3 , 31018
3 , 41243
3 , 41243
3 , 135677
3 , 41243
3 , 41243
3 , 41243
3 , 41243
3 , 46076
3 , 179823
3 , 139277
3 , 41243
3 , 41243
3 , 46076
3 , 179823
3 , 41243
3 , 75460
3 , 41243
3 , 41243
3 , 48999
3 , 41243
3 , 80196
3 , 139277
3 , 23714
3 , 75460
3 , 104634
3 , 104634
3 , 104634
3 , 104634
3 , 104634
3 , 104634
3 , 193934
3 , 172787
3 , 172787
3 , 104634
3 , 104634
3 , 104634
3 , 172787
3 , 104634
3 , 104634
3 , 43393
3 , 104634
3 , 104778
3 , 104778
3 , 179145
3 , 122708
3 , 146016
3 , 146016
3 , 76831
3 , 76831
3 , 76831
3 , 76831
3 , 76831
3 , 76831
3 , 76831
3 , 76831
3 , 76831
3 , 76831
3 , 76831
3 , 76831
3 , 67430
3 , 89956
3 , 89956
3 , 89956
3 , 89956
3 , 89956
3 , 89956
3 , 48851
3 , 89956
3 , 89956
3 , 89956
3 , 43200
3 , 89956
3 , 89956
3 , 89956
3 , 48851
4 , 215467
4 , 215467
4 , 215467
4 , 215467
5 , 215917
6 , 215937
6 , 215937
6 , 215937
7 , 216031
7 , 216031
7 , 216031
7 , 216031
7 , 216031
7 , 215529
7 , 216031
8 , 188346
8 , 188346
9 , 210760
10 , 53959
11 , 200495
11 , 75544
11 , 50587
11 , 152349
11 , 50686
11 , 212947
11 , 50587
11 , 75668
11 , 1306
11 , 36111
11 , 139464
11 , 142622
11 , 2033
11 , 142622
11 , 205942
11 , 202757
11 , 202757
11 , 27301
11 , 14704
11 , 6687
11 , 69941
11 , 186430
11 , 200495
11 , 75544
11 , 50587
11 , 152349
11 , 50686
11 , 212947
11 , 50587
11 , 75668
11 , 1306
11 , 36111
11 , 139464
11 , 142622
11 , 2033
11 , 142622
11 , 26249
11 , 49216
11 , 49216
11 , 216046
11 , 125110
11 , 79592
11 , 213811
11 , 56306
11 , 79592
11 , 127819
11 , 126197
11 , 126197
11 , 98699
11 , 56742
11 , 144880
11 , 162075
11 , 162075
11 , 136238
11 , 82452
11 , 200495
11 , 75544
11 , 50587
11 , 152349
11 , 50686
11 , 212947
11 , 50587
11 , 75668
11 , 1306
11 , 36111
11 , 139464
11 , 142622
11 , 2033
11 , 142622
12 , 213142
12 , 120762
12 , 213142
12 , 112097
12 , 181832
12 , 181832
12 , 181832
12 , 78659
12 , 212735
12 , 161265
12 , 213142
12 , 213142
12 , 182309
12 , 133913
12 , 112097
12 , 181832
12 , 181832
12 , 181832
12 , 78659
12 , 212735
12 , 161265
12 , 213142
12 , 213142
12 , 182309
12 , 133913
12 , 213142
12 , 213142
12 , 213142
12 , 202705
12 , 213142
12 , 213142
12 , 213142
12 , 213142
12 , 213142
12 , 213142
13 , 184823
13 , 184823
13 , 213248
13 , 213247
13 , 214853
13 , 213247
13 , 213247
13 , 213247
13 , 109396
13 , 159091
13 , 213247
13 , 176222
13 , 213247
13 , 213247
13 , 208520
13 , 125078
13 , 102406
13 , 213247
13 , 213247
13 , 92872
13 , 213247
13 , 213247
13 , 176222
13 , 67108
13 , 134197
13 , 134197
13 , 184823
13 , 184823
13 , 213248
13 , 213247
13 , 214853
13 , 213247
13 , 213247
13 , 213247
13 , 109396
13 , 159091
13 , 213247
13 , 176222
13 , 213247
13 , 213247
13 , 208520
13 , 125078
13 , 102406
13 , 213247
13 , 213247
13 , 92872
13 , 213247
13 , 213247
13 , 176222
13 , 159204
13 , 159204
13 , 214465
13 , 147165
13 , 214465
13 , 115817
13 , 214465
13 , 211946
13 , 214465
13 , 204907
13 , 52447
13 , 14609
13 , 214465
13 , 28608
13 , 194605
13 , 42982
13 , 173285
13 , 214465
13 , 214465
13 , 109908
13 , 142314
13 , 214465
13 , 129990
13 , 164637
13 , 214465
13 , 214465
13 , 214465
13 , 28608
13 , 74805
13 , 190948
15 , 47043
15 , 96908
15 , 96908
15 , 64610
15 , 146446
15 , 146446
15 , 146446
15 , 87871
15 , 52248
15 , 1030
15 , 212947
15 , 117532
15 , 205300
15 , 205942
15 , 170665
15 , 47043
15 , 96908
15 , 96908
15 , 64610
15 , 146446
15 , 146446
15 , 146446
15 , 87871
15 , 52248
15 , 1030
15 , 212947
15 , 117532
15 , 26249
15 , 37208
15 , 37208
15 , 178302
15 , 131130
15 , 131130
15 , 52212
15 , 93134
15 , 108497
15 , 144880
15 , 213811
15 , 186379
15 , 162107
15 , 47043
15 , 96908
15 , 96908
15 , 64610
15 , 146446
15 , 146446
15 , 146446
15 , 87871
15 , 52248
15 , 1030
15 , 212947
15 , 117532
16 , 213972
16 , 213972
19 , 196968
23 , 190411
28 , 196970
37 , 209202
42 , 196982
42 , 196982
44 , 190457
47 , 196985
48 , 190466
57 , 196992
67 , 196999
70 , 210760
80 , 197010
83 , 197015
88 , 197018
91 , 197021
93 , 190448
96 , 211827
97 , 190404
97 , 190404
97 , 190404
97 , 190404
97 , 190404
97 , 190404
97 , 190404
97 , 190404
97 , 190404
97 , 190404
97 , 190404
97 , 190404
97 , 190404
97 , 190404
