100 , 106251
100 , 119954
100 , 119954
100 , 119954
100 , 119954
100 , 119954
100 , 119954
100 , 119954
100 , 119954
100 , 119954
100 , 119954
100 , 119954
100 , 93508
100 , 119954
100 , 119954
100 , 119954
100 , 119954
100 , 119954
100 , 119954
100 , 119954
100 , 119954
100 , 119954
100 , 119954
100 , 119954
100 , 119954
100 , 119954
100 , 119954
100 , 119954
100 , 132532
100 , 91242
100 , 179532
100 , 171678
100 , 73513
100 , 59424
100 , 59424
100 , 190036
100 , 10668
100 , 15823
100 , 75345
100 , 128220
100 , 100967
100 , 93516
100 , 180127
100 , 21937
100 , 21937
102 , 135137
102 , 213192
102 , 14935
102 , 200486
102 , 140416
103 , 144454
103 , 144452
103 , 10668
103 , 116
103 , 100
103 , 116
103 , 100
104 , 111429
104 , 209182
104 , 111429
104 , 209182
104 , 111429
104 , 209182
104 , 111429
104 , 209182
105 , 113795
105 , 113795
105 , 76109
105 , 113795
105 , 113795
105 , 179459
105 , 179459
105 , 118588
105 , 62275
105 , 62275
105 , 79086
105 , 30652
105 , 76807
105 , 214115
105 , 133983
105 , 76807
105 , 26248
105 , 204677
105 , 26248
105 , 26248
105 , 204677
105 , 26248
105 , 113795
105 , 113795
105 , 145060
105 , 145060
105 , 52454
105 , 172603
105 , 172603
105 , 113795
105 , 113795
105 , 113795
105 , 113795
105 , 113795
105 , 113795
105 , 67357
105 , 67357
105 , 82139
105 , 113795
105 , 113795
105 , 167144
105 , 167144
105 , 33092
105 , 33092
105 , 204131
105 , 204131
105 , 113795
105 , 113795
105 , 179948
105 , 179948
105 , 35680
105 , 35680
105 , 198462
105 , 198462
106 , 183765
106 , 183765
106 , 183765
106 , 183765
106 , 100544
106 , 100544
106 , 100544
106 , 100544
106 , 100544
106 , 100544
106 , 68469
106 , 17143
106 , 94929
106 , 183765
106 , 183765
107 , 201619
107 , 120845
107 , 178196
107 , 44060
107 , 44060
107 , 81199
107 , 81386
107 , 42558
107 , 19780
107 , 145495
107 , 46551
107 , 46551
107 , 57232
107 , 209167
107 , 163270
107 , 48596
107 , 78899
107 , 78899
107 , 169798
107 , 27643
107 , 15773
107 , 203380
107 , 100569
107 , 209816
107 , 185148
107 , 157234
107 , 157234
107 , 201619
107 , 120845
107 , 178196
107 , 44060
107 , 44060
107 , 81199
107 , 82363
107 , 201741
107 , 167208
107 , 140907
107 , 36980
107 , 196561
107 , 129529
107 , 201619
107 , 120845
107 , 178196
107 , 44060
107 , 44060
107 , 81199
107 , 1657
110 , 23358
110 , 23358
110 , 144455
110 , 144455
110 , 144455
110 , 144455
110 , 144455
110 , 144455
110 , 144455
110 , 144455
110 , 54119
110 , 54119
110 , 54119
110 , 54119
110 , 54119
110 , 54119
110 , 54119
110 , 54119
110 , 69637
110 , 3505
110 , 3505
110 , 180361
110 , 180361
113 , 91242
113 , 91242
113 , 91242
113 , 91242
113 , 91242
113 , 91242
113 , 91242
116 , 100
116 , 100
116 , 119954
116 , 100
116 , 144452
116 , 144452
116 , 10668
116 , 100
120 , 167600
120 , 179532
120 , 179532
120 , 180836
120 , 148372
121 , 122
121 , 123
121 , 129
121 , 130
121 , 131
121 , 132
121 , 133
121 , 131
122 , 121
122 , 123
122 , 129
122 , 130
122 , 131
122 , 132
122 , 133
123 , 121
123 , 122
123 , 129
123 , 130
123 , 131
123 , 132
123 , 133
124 , 209914
124 , 209914
124 , 1586
124 , 59346
124 , 146074
124 , 161516
124 , 156622
124 , 99430
124 , 214813
124 , 2406
124 , 12641
124 , 215202
124 , 215556
124 , 215556
124 , 196625
124 , 209914
124 , 209914
124 , 59346
124 , 209914
126 , 209914
126 , 209914
126 , 1586
126 , 59346
126 , 146074
126 , 161516
126 , 156622
126 , 99430
126 , 214813
126 , 2406
126 , 12641
126 , 215202
126 , 215556
126 , 215556
126 , 196625
126 , 209914
126 , 209914
126 , 59346
126 , 209914
128 , 206486
128 , 195128
128 , 42554
128 , 215093
128 , 72314
128 , 203466
128 , 80779
128 , 42029
128 , 176853
128 , 83778
128 , 23934
128 , 30796
129 , 121
129 , 122
129 , 123
129 , 130
129 , 131
129 , 132
129 , 133
130 , 121
130 , 122
130 , 123
130 , 129
130 , 131
130 , 132
130 , 133
131 , 121
131 , 122
131 , 123
131 , 129
131 , 130
131 , 132
131 , 133
131 , 121
132 , 121
132 , 122
132 , 123
132 , 129
132 , 130
132 , 131
132 , 133
132 , 165633
133 , 121
133 , 122
133 , 123
133 , 129
133 , 130
133 , 131
133 , 132
135 , 93517
135 , 93517
135 , 93517
135 , 93517
135 , 91242
135 , 167667
135 , 215699
135 , 110781
135 , 204223
135 , 204223
135 , 167667
136 , 110557
136 , 110557
136 , 41545
136 , 147293
136 , 193087
136 , 110557
136 , 110557
136 , 41545
136 , 114965
136 , 214795
136 , 214795
137 , 215936
137 , 215936
137 , 215936
138 , 211634
138 , 211634
138 , 211634
138 , 211634
138 , 211634
138 , 211634
138 , 211634
138 , 211634
138 , 211634
138 , 211634
138 , 211634
138 , 211634
138 , 211634
138 , 211634
138 , 211634
138 , 211634
138 , 211634
138 , 211634
138 , 211634
138 , 211634
138 , 211634
138 , 211634
138 , 211634
138 , 211634
138 , 211634
138 , 211634
138 , 211634
138 , 211634
138 , 211634
138 , 211634
138 , 211634
138 , 211634
138 , 211634
138 , 211634
138 , 211634
138 , 211634
138 , 211634
138 , 211634
138 , 211634
138 , 211634
139 , 215937
139 , 215937
139 , 215937
140 , 211636
140 , 211636
141 , 211526
141 , 211526
141 , 211526
141 , 131872
141 , 91831
141 , 111309
141 , 72799
141 , 72799
141 , 211526
141 , 211526
141 , 211526
141 , 211526
141 , 211526
141 , 211526
141 , 211526
141 , 211526
141 , 211526
141 , 211526
141 , 211526
141 , 211526
141 , 211526
141 , 211526
141 , 211526
141 , 211526
141 , 211526
141 , 211526
141 , 211526
141 , 211526
141 , 211526
141 , 211526
141 , 211526
141 , 211526
141 , 211526
141 , 211526
141 , 211526
142 , 211527
142 , 211527
144 , 185383
144 , 185383
144 , 21298
144 , 21298
144 , 21298
144 , 134199
144 , 134199
144 , 111461
144 , 111461
144 , 111461
144 , 43231
144 , 43231
144 , 133867
144 , 133867
144 , 102643
144 , 102643
144 , 212409
144 , 212409
145 , 129795
146 , 148
146 , 148
146 , 148
146 , 148
147 , 205236
147 , 205236
147 , 161170
147 , 37860
147 , 205236
147 , 161170
147 , 215610
147 , 205236
147 , 205236
147 , 161170
147 , 205236
147 , 205236
147 , 205236
147 , 205236
147 , 161170
147 , 37860
147 , 205236
147 , 161170
147 , 215610
147 , 205236
147 , 205236
147 , 161170
147 , 205236
147 , 205236
147 , 26531
147 , 26531
147 , 211228
147 , 26531
147 , 211228
147 , 206171
147 , 26531
147 , 26531
147 , 211228
147 , 26531
147 , 26531
147 , 88456
147 , 88456
147 , 88456
147 , 13445
147 , 88456
147 , 88456
147 , 88456
147 , 88456
147 , 207273
147 , 207273
147 , 207273
147 , 62773
147 , 207273
147 , 207273
147 , 207273
147 , 207273
147 , 184098
147 , 184098
147 , 174665
147 , 184098
147 , 174665
147 , 158033
147 , 184098
147 , 184098
147 , 174665
147 , 184098
147 , 22666
147 , 184098
147 , 205236
147 , 205236
147 , 161170
147 , 37860
147 , 205236
147 , 161170
147 , 215610
147 , 205236
147 , 205236
147 , 161170
147 , 205236
147 , 205236
149 , 205236
149 , 205236
149 , 161170
149 , 37860
149 , 205236
149 , 161170
149 , 215610
149 , 205236
149 , 205236
149 , 161170
149 , 205236
149 , 205236
149 , 205236
149 , 205236
149 , 161170
149 , 37860
149 , 205236
149 , 161170
149 , 215610
149 , 205236
149 , 205236
149 , 161170
149 , 205236
149 , 205236
149 , 26531
149 , 26531
149 , 211228
149 , 26531
149 , 211228
149 , 206171
149 , 26531
149 , 26531
149 , 211228
149 , 26531
149 , 26531
149 , 88456
149 , 88456
149 , 88456
149 , 13445
149 , 88456
149 , 88456
149 , 88456
149 , 88456
149 , 207273
149 , 207273
149 , 207273
149 , 62773
149 , 207273
149 , 207273
149 , 207273
149 , 207273
149 , 184098
149 , 184098
149 , 174665
149 , 184098
149 , 174665
149 , 158033
149 , 184098
149 , 184098
149 , 174665
149 , 184098
149 , 22666
149 , 184098
149 , 205236
149 , 205236
149 , 161170
149 , 37860
149 , 205236
149 , 161170
149 , 215610
149 , 205236
149 , 205236
149 , 161170
149 , 205236
149 , 205236
150 , 207434
150 , 63101
150 , 100714
150 , 208504
150 , 207434
150 , 139409
150 , 113468
150 , 63101
150 , 100714
150 , 208504
150 , 207434
150 , 139409
150 , 113468
150 , 207434
150 , 63101
150 , 100714
150 , 208504
150 , 207434
150 , 139409
150 , 113468
150 , 207434
150 , 207434
150 , 207434
150 , 63101
150 , 100714
150 , 208504
150 , 207434
150 , 139409
150 , 113468
150 , 63101
150 , 100714
150 , 208504
150 , 207434
150 , 139409
150 , 113468
150 , 207434
150 , 63101
150 , 100714
150 , 208504
150 , 207434
150 , 139409
150 , 113468
150 , 207434
150 , 207434
150 , 207434
150 , 63101
150 , 100714
150 , 208504
150 , 207434
150 , 139409
150 , 113468
150 , 63101
150 , 100714
150 , 208504
150 , 207434
150 , 139409
150 , 113468
150 , 207434
150 , 63101
150 , 100714
150 , 208504
150 , 207434
150 , 139409
150 , 113468
150 , 207434
150 , 207434
150 , 171064
150 , 104595
150 , 171064
150 , 104595
150 , 171064
150 , 171064
150 , 104595
150 , 171064
150 , 171064
150 , 171064
150 , 198377
150 , 198377
150 , 104577
150 , 198410
150 , 104577
150 , 198377
150 , 104577
150 , 198377
150 , 198377
150 , 104577
150 , 198377
150 , 198377
150 , 204005
150 , 201341
150 , 201341
150 , 201341
150 , 201341
150 , 53045
150 , 192991
150 , 192991
150 , 192991
150 , 192991
150 , 192991
150 , 192991
150 , 192991
150 , 207434
150 , 63101
150 , 100714
150 , 208504
150 , 207434
150 , 139409
150 , 113468
150 , 63101
150 , 100714
150 , 208504
150 , 207434
150 , 139409
150 , 113468
150 , 207434
150 , 63101
150 , 100714
150 , 208504
150 , 207434
150 , 139409
150 , 113468
150 , 207434
150 , 207434
150 , 207434
150 , 63101
150 , 100714
150 , 208504
150 , 207434
150 , 139409
150 , 113468
150 , 63101
150 , 100714
150 , 208504
150 , 207434
150 , 139409
150 , 113468
150 , 207434
150 , 63101
150 , 100714
150 , 208504
150 , 207434
150 , 139409
150 , 113468
150 , 207434
150 , 207434
150 , 171064
150 , 104595
150 , 171064
150 , 104595
150 , 171064
150 , 171064
150 , 104595
150 , 171064
150 , 171064
150 , 171064
150 , 198377
150 , 198377
150 , 104577
150 , 198410
150 , 104577
150 , 198377
150 , 104577
150 , 198377
150 , 198377
150 , 104577
150 , 198377
150 , 198377
150 , 204005
150 , 201341
150 , 201341
150 , 201341
150 , 201341
151 , 206477
153 , 36738
153 , 214277
153 , 43134
153 , 104478
153 , 214277
153 , 32177
153 , 32177
153 , 211921
154 , 126056
155 , 174033
155 , 174033
155 , 174033
155 , 181998
155 , 174033
155 , 174033
155 , 174033
155 , 174033
155 , 174033
155 , 174033
155 , 27900
155 , 181839
155 , 181839
155 , 181839
155 , 90477
155 , 51332
155 , 181839
155 , 181839
155 , 181839
155 , 181839
155 , 181839
155 , 181839
156 , 9629
156 , 9629
156 , 40958
156 , 72744
156 , 190990
156 , 158200
156 , 21956
156 , 21956
157 , 138581
157 , 138581
157 , 56229
157 , 181061
157 , 109908
157 , 4104
157 , 198488
157 , 104871
157 , 104795
157 , 193956
157 , 56229
157 , 56869
157 , 4104
157 , 206578
157 , 39031
157 , 42405
157 , 138581
157 , 138581
157 , 116662
157 , 19784
157 , 138581
157 , 138581
157 , 138581
157 , 138581
157 , 138581
157 , 138581
157 , 138581
157 , 138581
157 , 144853
157 , 138581
157 , 138581
157 , 138581
157 , 138581
157 , 158235
157 , 158235
157 , 88129
157 , 186221
157 , 138581
157 , 138581
157 , 194487
157 , 105154
157 , 105154
157 , 168375
157 , 138581
157 , 138581
157 , 98075
157 , 205073
157 , 55413
157 , 98075
157 , 127482
157 , 127482
157 , 127482
157 , 127482
157 , 127482
157 , 127482
157 , 127482
157 , 127482
157 , 127482
157 , 127482
157 , 127482
157 , 127482
157 , 138581
157 , 138581
157 , 138581
157 , 138581
157 , 138581
157 , 138581
157 , 19784
157 , 180021
157 , 14465
157 , 138581
157 , 138581
157 , 138581
157 , 138581
157 , 138581
157 , 138581
157 , 138581
157 , 138581
157 , 19918
157 , 186221
157 , 125500
157 , 57573
157 , 138581
157 , 138581
157 , 125200
158 , 159
160 , 206419
160 , 206419
160 , 206419
160 , 206419
161 , 210617
161 , 210617
161 , 210617
161 , 109615
161 , 51361
161 , 210617
161 , 210617
161 , 210617
161 , 109615
161 , 164299
161 , 131567
161 , 116405
161 , 164299
161 , 164299
161 , 140526
161 , 210617
161 , 210617
161 , 210617
161 , 109615
161 , 210617
161 , 210617
161 , 210617
161 , 109615
161 , 210617
161 , 210617
161 , 210617
161 , 109615
161 , 210617
161 , 210617
161 , 210617
161 , 109615
164 , 126056
165 , 212803
165 , 211401
165 , 62873
165 , 142702
165 , 197916
165 , 138485
165 , 107011
165 , 141514
165 , 207433
165 , 207433
165 , 159018
165 , 214537
165 , 132805
165 , 94544
165 , 76745
165 , 28570
165 , 147491
165 , 212803
165 , 211401
165 , 62873
165 , 142702
165 , 197916
165 , 138485
165 , 107011
165 , 141514
165 , 207433
165 , 207433
165 , 159018
165 , 214537
165 , 28570
165 , 28570
165 , 181961
165 , 39519
165 , 25100
165 , 22716
165 , 15688
165 , 122214
166 , 173228
167 , 141320
168 , 141383
169 , 45638
169 , 140764
169 , 60868
169 , 30506
169 , 60868
169 , 30506
169 , 193199
169 , 34377
169 , 58514
169 , 77529
169 , 134300
169 , 126120
169 , 149894
169 , 142543
169 , 1363
169 , 45638
169 , 180633
169 , 210051
169 , 140764
169 , 60868
169 , 30506
169 , 60868
169 , 30506
169 , 193199
169 , 34377
169 , 45638
169 , 45638
169 , 45638
169 , 206628
169 , 45638
169 , 45638
169 , 108494
169 , 125520
169 , 125520
169 , 42127
169 , 73725
169 , 45638
169 , 45638
169 , 172951
169 , 45638
169 , 123758
169 , 121884
169 , 45638
169 , 195556
169 , 45638
169 , 45638
169 , 123758
169 , 121884
169 , 195556
169 , 45638
169 , 45638
169 , 123758
169 , 121884
169 , 45638
169 , 26001
169 , 26001
169 , 12360
169 , 191452
169 , 200766
169 , 195441
170 , 4172
171 , 57103
171 , 57103
171 , 57103
171 , 57103
171 , 125557
171 , 125557
171 , 57103
171 , 57103
171 , 57103
171 , 57103
171 , 130023
171 , 130023
171 , 57103
171 , 57103
172 , 190941
172 , 190941
172 , 108550
172 , 142571
172 , 142571
172 , 56968
172 , 92174
172 , 180633
172 , 210051
172 , 190941
172 , 84024
172 , 190941
172 , 190941
172 , 98690
172 , 126120
172 , 138271
172 , 140764
172 , 190941
172 , 190941
172 , 190941
172 , 190941
172 , 190941
172 , 126120
172 , 138271
172 , 140764
172 , 190941
172 , 190941
172 , 190941
172 , 190941
172 , 190941
172 , 126120
172 , 138271
172 , 140764
172 , 190941
172 , 190941
172 , 190941
172 , 190941
172 , 190941
172 , 126120
172 , 138271
172 , 140764
172 , 190941
172 , 190941
172 , 190941
172 , 190941
172 , 190941
172 , 49058
172 , 136744
172 , 201157
172 , 201157
172 , 110787
172 , 190941
172 , 126120
172 , 138271
172 , 140764
172 , 190941
172 , 190941
172 , 190941
172 , 190941
172 , 190941
172 , 126120
172 , 138271
172 , 140764
172 , 190941
172 , 190941
172 , 190941
172 , 190941
172 , 190941
172 , 190941
172 , 126120
172 , 138271
172 , 140764
172 , 190941
172 , 190941
172 , 190941
172 , 190941
172 , 190941
174 , 213824
174 , 213824
174 , 213824
174 , 213824
174 , 213824
174 , 213824
174 , 66548
174 , 66548
174 , 66548
174 , 66548
174 , 66548
174 , 66548
174 , 81196
174 , 213824
174 , 213824
174 , 213824
174 , 213824
174 , 213824
174 , 213824
174 , 213824
174 , 213824
174 , 213824
174 , 213824
174 , 213824
174 , 213824
174 , 213824
174 , 213824
174 , 213824
174 , 213824
174 , 213824
174 , 213824
174 , 43561
174 , 43561
174 , 213824
174 , 213824
174 , 213824
174 , 213824
174 , 213824
174 , 213824
174 , 213824
174 , 213824
174 , 213824
174 , 213824
174 , 213824
174 , 213824
176 , 216030
176 , 216030
176 , 186318
177 , 216031
177 , 216031
177 , 216031
177 , 216031
177 , 216031
177 , 215529
177 , 216031
178 , 216034
179 , 215881
179 , 215881
179 , 215881
179 , 47188
179 , 47188
180 , 216040
180 , 216040
180 , 216040
180 , 216040
180 , 216040
180 , 216040
180 , 216040
180 , 216040
180 , 216040
180 , 216040
180 , 195671
180 , 126076
180 , 85149
180 , 146138
180 , 146138
180 , 146138
180 , 146138
180 , 146138
180 , 146138
180 , 146138
180 , 146138
180 , 146138
180 , 146138
181 , 216040
181 , 216040
181 , 216040
181 , 216040
181 , 216040
181 , 216040
181 , 216040
181 , 216040
181 , 216040
181 , 216040
181 , 195671
181 , 126076
181 , 85149
181 , 146138
181 , 146138
181 , 146138
181 , 146138
181 , 146138
181 , 146138
181 , 146138
181 , 146138
181 , 146138
181 , 146138
182 , 216041
183 , 216044
183 , 198488
183 , 86078
183 , 216044
183 , 164692
183 , 140956
183 , 134414
183 , 216044
183 , 28608
183 , 216044
183 , 198488
183 , 86078
183 , 216044
183 , 164692
183 , 140956
183 , 134414
183 , 216044
183 , 28608
183 , 180723
183 , 216044
183 , 198488
183 , 86078
183 , 216044
183 , 164692
183 , 140956
183 , 134414
183 , 216044
183 , 28608
183 , 187553
183 , 159091
183 , 187553
183 , 149029
183 , 187553
183 , 176222
183 , 216044
183 , 198488
183 , 86078
183 , 216044
183 , 164692
183 , 140956
183 , 134414
183 , 216044
183 , 28608
183 , 49582
183 , 182206
183 , 35877
183 , 106743
183 , 187576
183 , 67476
183 , 26249
183 , 106748
183 , 189759
183 , 189759
183 , 81808
183 , 189759
184 , 216045
184 , 216045
184 , 216045
184 , 216045
184 , 216045
184 , 216045
184 , 216045
184 , 216045
184 , 216045
184 , 8436
184 , 8436
184 , 8436
184 , 8436
184 , 8436
184 , 8436
184 , 8436
184 , 8436
184 , 8436
184 , 216045
184 , 216045
184 , 216045
184 , 216045
184 , 216045
184 , 216045
184 , 216045
184 , 216045
184 , 216045
184 , 185112
184 , 185112
184 , 185112
184 , 185112
184 , 185112
184 , 185112
184 , 185112
184 , 185112
184 , 185112
184 , 216045
184 , 216045
184 , 216045
184 , 216045
184 , 216045
184 , 216045
184 , 216045
184 , 216045
184 , 216045
185 , 216046
185 , 125110
185 , 79592
185 , 213811
185 , 56306
185 , 79592
185 , 127819
185 , 126197
185 , 126197
185 , 98699
185 , 56742
185 , 144880
185 , 162075
185 , 162075
185 , 216046
185 , 125110
185 , 79592
185 , 213811
185 , 56306
185 , 79592
185 , 127819
185 , 126197
185 , 126197
185 , 98699
185 , 56742
185 , 144880
185 , 162075
185 , 162075
185 , 136238
185 , 82452
185 , 200495
185 , 75544
185 , 50587
185 , 152349
185 , 50686
185 , 212947
185 , 50587
185 , 75668
185 , 1306
185 , 36111
185 , 139464
185 , 142622
185 , 2033
185 , 142622
186 , 216047
186 , 8748
186 , 216047
186 , 216047
186 , 8748
187 , 216042
187 , 216042
187 , 216042
187 , 216042
187 , 216042
187 , 216042
187 , 216042
187 , 216042
187 , 216042
187 , 216042
187 , 216042
188 , 216043
188 , 216043
188 , 216043
188 , 216043
188 , 215529
188 , 216043
188 , 216043
189 , 215891
189 , 177787
189 , 56211
189 , 194498
189 , 164304
189 , 175693
189 , 109284
189 , 206102
189 , 55696
189 , 34645
190 , 216035
190 , 216035
190 , 216035
190 , 216035
190 , 216035
190 , 216035
190 , 216035
190 , 216035
190 , 216035
190 , 216035
190 , 216035
190 , 168338
190 , 216035
190 , 216035
190 , 216035
190 , 216035
190 , 216035
190 , 216035
190 , 216035
190 , 216035
190 , 216035
190 , 216035
190 , 216035
190 , 216035
190 , 216035
190 , 216035
190 , 216035
190 , 216035
190 , 216035
190 , 216035
190 , 216035
190 , 216035
190 , 216035
190 , 216035
191 , 216036
191 , 216036
191 , 215517
191 , 40443
191 , 215540
191 , 206586
192 , 215894
192 , 170680
192 , 131853
192 , 170680
193 , 216037
194 , 216049
194 , 123435
194 , 216049
194 , 216049
194 , 216049
194 , 216049
194 , 216049
194 , 123435
194 , 216049
194 , 216049
194 , 216049
194 , 216049
194 , 216049
194 , 123435
194 , 216049
194 , 216049
194 , 216049
194 , 216049
194 , 212725
194 , 212725
194 , 212725
194 , 212725
194 , 212725
194 , 216049
194 , 123435
194 , 216049
194 , 216049
194 , 216049
194 , 216049
194 , 214495
195 , 216050
195 , 216050
196 , 38000
196 , 38000
196 , 198687
197 , 214537
197 , 211401
197 , 62873
197 , 142702
197 , 197916
197 , 138485
197 , 107011
197 , 141514
197 , 207433
197 , 207433
197 , 159018
197 , 214537
197 , 211401
197 , 62873
197 , 142702
197 , 197916
197 , 138485
197 , 107011
197 , 141514
197 , 207433
197 , 207433
197 , 159018
197 , 214537
197 , 188149
197 , 132805
197 , 132805
197 , 94544
197 , 94544
197 , 76745
197 , 76745
197 , 28570
197 , 28570
197 , 147491
197 , 147491
197 , 214537
197 , 211401
197 , 62873
197 , 142702
197 , 197916
197 , 138485
197 , 107011
197 , 141514
197 , 207433
197 , 207433
197 , 159018
197 , 214537
197 , 211401
197 , 62873
197 , 142702
197 , 197916
197 , 138485
197 , 107011
197 , 141514
197 , 207433
197 , 207433
197 , 159018
197 , 214537
197 , 188149
197 , 28570
197 , 28570
197 , 28570
197 , 28570
197 , 181961
197 , 181961
197 , 39519
197 , 25100
197 , 22716
197 , 15688
197 , 39519
197 , 25100
197 , 22716
197 , 15688
197 , 122214
197 , 122214
198 , 214537
198 , 211401
198 , 62873
198 , 142702
198 , 197916
198 , 138485
198 , 107011
198 , 141514
198 , 207433
198 , 207433
198 , 159018
198 , 214537
198 , 211401
198 , 62873
198 , 142702
198 , 197916
198 , 138485
198 , 107011
198 , 141514
198 , 207433
198 , 207433
198 , 159018
198 , 214537
198 , 188149
198 , 132805
198 , 132805
198 , 94544
198 , 94544
198 , 76745
198 , 76745
198 , 28570
198 , 28570
198 , 147491
198 , 147491
198 , 214537
198 , 211401
198 , 62873
198 , 142702
198 , 197916
198 , 138485
198 , 107011
198 , 141514
198 , 207433
198 , 207433
198 , 159018
198 , 214537
198 , 211401
198 , 62873
198 , 142702
198 , 197916
198 , 138485
198 , 107011
198 , 141514
198 , 207433
198 , 207433
198 , 159018
198 , 214537
198 , 188149
198 , 28570
198 , 28570
198 , 28570
198 , 28570
198 , 181961
198 , 181961
198 , 39519
198 , 25100
198 , 22716
198 , 15688
198 , 39519
198 , 25100
198 , 22716
198 , 15688
198 , 122214
198 , 122214
199 , 209850
