600 , 152309
600 , 100951
600 , 23171
601 , 211545
601 , 211545
601 , 211545
601 , 211545
601 , 636
601 , 211545
601 , 211545
601 , 211545
601 , 211545
601 , 211545
601 , 211545
601 , 211545
601 , 211545
601 , 211545
601 , 636
601 , 211545
601 , 211545
601 , 211545
601 , 211545
601 , 211545
602 , 211545
602 , 211545
602 , 211545
602 , 211545
602 , 636
602 , 211545
602 , 211545
602 , 211545
602 , 211545
602 , 211545
602 , 211545
602 , 211545
602 , 211545
602 , 211545
602 , 636
602 , 211545
602 , 211545
602 , 211545
602 , 211545
602 , 211545
603 , 211545
603 , 211545
603 , 211545
603 , 211545
603 , 636
603 , 211545
603 , 211545
603 , 211545
603 , 211545
603 , 211545
603 , 211545
603 , 211545
603 , 211545
603 , 211545
603 , 636
603 , 211545
603 , 211545
603 , 211545
603 , 211545
603 , 211545
605 , 211545
605 , 211545
605 , 211545
605 , 211545
605 , 636
605 , 211545
605 , 211545
605 , 211545
605 , 211545
605 , 211545
605 , 211545
605 , 211545
605 , 211545
605 , 211545
605 , 636
605 , 211545
605 , 211545
605 , 211545
605 , 211545
605 , 211545
606 , 202380
606 , 78899
606 , 147336
606 , 36744
606 , 36744
606 , 36744
606 , 12509
606 , 22388
606 , 179275
606 , 90310
606 , 139134
606 , 90310
606 , 90310
606 , 159282
606 , 182078
606 , 159282
606 , 159282
606 , 167208
606 , 70976
606 , 70976
606 , 70976
606 , 210914
606 , 210914
606 , 202380
609 , 211545
609 , 211545
609 , 211545
609 , 211545
609 , 636
609 , 211545
609 , 211545
609 , 211545
609 , 211545
609 , 211545
609 , 211545
609 , 211545
609 , 211545
609 , 211545
609 , 636
609 , 211545
609 , 211545
609 , 211545
609 , 211545
609 , 211545
610 , 196941
610 , 196941
610 , 196941
610 , 196941
610 , 196941
610 , 79403
610 , 196941
610 , 196941
610 , 196941
610 , 196941
610 , 196941
610 , 196941
610 , 196941
610 , 79403
610 , 196941
610 , 196941
610 , 170616
610 , 170605
610 , 170616
610 , 170616
610 , 170616
610 , 170616
610 , 170616
610 , 170616
610 , 196941
610 , 196941
610 , 196941
610 , 196941
610 , 196941
610 , 79403
610 , 196941
610 , 196941
611 , 214952
611 , 127069
611 , 127069
611 , 127069
611 , 197985
611 , 15463
611 , 214952
611 , 127069
611 , 127069
611 , 127069
611 , 24771
612 , 211545
612 , 211545
612 , 211545
612 , 211545
612 , 636
612 , 211545
612 , 211545
612 , 211545
612 , 211545
612 , 211545
612 , 211545
612 , 211545
612 , 211545
612 , 211545
612 , 636
612 , 211545
612 , 211545
612 , 211545
612 , 211545
612 , 211545
613 , 131732
613 , 193335
613 , 131732
613 , 193335
613 , 92778
615 , 33247
615 , 165283
615 , 189445
615 , 35654
615 , 189444
615 , 174703
615 , 56811
615 , 33247
615 , 165283
615 , 189445
615 , 35654
616 , 215196
616 , 215196
616 , 215196
616 , 215196
616 , 215196
616 , 215196
616 , 215196
616 , 215196
616 , 215196
616 , 215196
616 , 215196
616 , 215196
617 , 211545
617 , 211545
617 , 211545
617 , 211545
617 , 636
617 , 211545
617 , 211545
617 , 211545
617 , 211545
617 , 211545
617 , 211545
617 , 211545
617 , 211545
617 , 211545
617 , 636
617 , 211545
617 , 211545
617 , 211545
617 , 211545
617 , 211545
618 , 25652
618 , 173843
618 , 191431
618 , 40563
618 , 25652
618 , 173843
618 , 191431
618 , 40563
618 , 158188
618 , 158188
619 , 99918
619 , 135409
619 , 135409
619 , 37358
619 , 213192
619 , 73719
619 , 55696
619 , 71742
619 , 79343
619 , 34645
619 , 187676
619 , 200486
620 , 211545
620 , 211545
620 , 211545
620 , 211545
620 , 636
620 , 211545
620 , 211545
620 , 211545
620 , 211545
620 , 211545
620 , 211545
620 , 211545
620 , 211545
620 , 211545
620 , 636
620 , 211545
620 , 211545
620 , 211545
620 , 211545
620 , 211545
621 , 211545
621 , 211545
621 , 211545
621 , 211545
621 , 636
621 , 211545
621 , 211545
621 , 211545
621 , 211545
621 , 211545
621 , 211545
621 , 211545
621 , 211545
621 , 211545
621 , 636
621 , 211545
621 , 211545
621 , 211545
621 , 211545
621 , 211545
622 , 213492
622 , 96724
622 , 212790
622 , 166345
622 , 213492
622 , 213494
623 , 211545
623 , 211545
623 , 211545
623 , 211545
623 , 636
623 , 211545
623 , 211545
623 , 211545
623 , 211545
623 , 211545
623 , 211545
623 , 211545
623 , 211545
623 , 211545
623 , 636
623 , 211545
623 , 211545
623 , 211545
623 , 211545
623 , 211545
624 , 207427
624 , 207427
624 , 207427
624 , 207427
624 , 207427
624 , 207427
624 , 207427
624 , 207427
624 , 207427
624 , 207427
625 , 145495
625 , 84190
625 , 34245
625 , 208139
625 , 83575
625 , 2406
625 , 68129
625 , 99662
627 , 215326
627 , 215326
627 , 215326
627 , 215326
627 , 215326
627 , 215326
627 , 215326
627 , 215326
627 , 215326
627 , 215326
627 , 215326
627 , 215326
627 , 215326
627 , 215326
627 , 179331
627 , 179516
627 , 179516
627 , 74392
627 , 179516
627 , 211395
627 , 211395
627 , 211395
627 , 208543
627 , 208543
627 , 208543
627 , 12515
627 , 12515
627 , 12515
627 , 12515
627 , 12515
627 , 12515
627 , 12515
627 , 180686
627 , 180686
627 , 180686
627 , 121119
627 , 121119
627 , 142445
627 , 212574
627 , 121119
627 , 142445
627 , 212574
627 , 121119
627 , 121119
627 , 142445
627 , 212574
627 , 121119
627 , 121119
627 , 40881
627 , 40881
627 , 40881
627 , 125983
627 , 125983
627 , 125983
627 , 110494
627 , 203066
627 , 110494
627 , 60152
627 , 203066
627 , 110494
627 , 110494
627 , 203066
627 , 110494
627 , 110494
627 , 110494
627 , 165586
627 , 165586
627 , 165586
627 , 165586
627 , 165586
627 , 165586
627 , 165586
627 , 125910
627 , 125910
627 , 163749
627 , 125910
627 , 163749
627 , 125910
627 , 125910
627 , 163749
627 , 125910
627 , 193646
627 , 125910
627 , 159496
627 , 159496
627 , 159496
627 , 159496
627 , 159496
627 , 159496
627 , 159496
627 , 121119
627 , 121119
627 , 142445
627 , 212574
627 , 121119
627 , 142445
627 , 212574
627 , 121119
627 , 121119
627 , 142445
627 , 212574
627 , 121119
627 , 121119
627 , 179516
627 , 179516
627 , 74392
627 , 179516
627 , 215326
627 , 215326
627 , 215326
627 , 215326
627 , 215326
627 , 215326
627 , 215326
627 , 215326
627 , 215326
627 , 215326
627 , 215326
627 , 215326
627 , 215326
627 , 215326
627 , 203564
627 , 203564
627 , 203564
627 , 203564
627 , 203564
627 , 203564
627 , 203564
627 , 215326
627 , 215326
627 , 215326
627 , 215326
627 , 215326
627 , 215326
627 , 215326
627 , 179516
627 , 179516
627 , 74392
627 , 179516
627 , 215326
627 , 215326
627 , 215326
627 , 215326
627 , 215326
627 , 215326
627 , 215326
627 , 211989
627 , 211989
627 , 211989
627 , 211989
627 , 211989
627 , 211989
627 , 211989
627 , 136823
627 , 136823
627 , 70627
627 , 136823
627 , 70627
627 , 136823
627 , 136823
627 , 70627
627 , 136823
627 , 136823
627 , 170619
627 , 170619
627 , 55165
627 , 170619
627 , 55165
627 , 21452
627 , 170619
627 , 170619
627 , 55165
627 , 170619
627 , 170619
627 , 165224
627 , 165224
627 , 165224
627 , 165224
627 , 165224
627 , 165224
627 , 165224
627 , 57783
627 , 57783
627 , 57783
627 , 57783
627 , 57783
627 , 57783
627 , 57783
627 , 108464
627 , 58999
627 , 108464
627 , 108464
627 , 206606
627 , 206606
627 , 209987
627 , 209987
627 , 206606
627 , 209987
627 , 206606
627 , 206606
627 , 209987
627 , 206606
627 , 206606
627 , 165237
627 , 165237
627 , 165237
627 , 165237
627 , 165237
627 , 165237
627 , 165237
627 , 215326
627 , 215326
627 , 215326
627 , 215326
627 , 215326
627 , 215326
627 , 215326
628 , 139194
628 , 215315
628 , 139194
628 , 139194
628 , 139194
628 , 215315
628 , 139194
628 , 139194
629 , 173918
629 , 173918
629 , 173918
629 , 172927
629 , 172927
629 , 173918
629 , 173918
629 , 173918
629 , 173918
629 , 173918
630 , 211545
630 , 211545
630 , 211545
630 , 211545
630 , 636
630 , 211545
630 , 211545
630 , 211545
630 , 211545
630 , 211545
630 , 211545
630 , 211545
630 , 211545
630 , 211545
630 , 636
630 , 211545
630 , 211545
630 , 211545
630 , 211545
630 , 211545
631 , 188648
631 , 188648
631 , 188648
631 , 188648
631 , 188648
631 , 188648
631 , 188648
631 , 188648
631 , 188648
631 , 188648
631 , 188648
631 , 188648
631 , 188648
631 , 188648
631 , 188648
631 , 188648
631 , 188648
631 , 188648
631 , 188648
631 , 188648
631 , 188648
631 , 188648
631 , 188648
631 , 188648
631 , 188648
631 , 188648
631 , 188648
631 , 188648
631 , 188648
631 , 188648
631 , 188648
631 , 188648
631 , 188648
631 , 188648
631 , 188648
631 , 188648
631 , 188648
631 , 188648
631 , 188648
631 , 188648
631 , 188648
631 , 188648
631 , 188648
631 , 188648
631 , 188648
631 , 188648
631 , 188648
631 , 188648
631 , 188648
631 , 188648
631 , 188648
631 , 188648
632 , 206366
632 , 206366
632 , 206366
632 , 206366
632 , 206366
632 , 206366
632 , 206366
632 , 206366
632 , 206366
632 , 206366
632 , 206366
632 , 206366
632 , 206366
632 , 206366
632 , 206366
632 , 206366
632 , 206366
632 , 213905
632 , 206366
632 , 206366
632 , 206366
632 , 206366
633 , 213163
633 , 213163
633 , 164182
633 , 213163
633 , 183682
633 , 68029
633 , 72506
633 , 164182
633 , 164182
633 , 55458
633 , 55458
633 , 4108
633 , 95619
633 , 95619
633 , 95619
633 , 185886
633 , 47223
633 , 47223
633 , 47223
633 , 108583
633 , 213163
633 , 183682
633 , 68029
633 , 72506
633 , 213163
633 , 213163
633 , 213163
634 , 139193
635 , 177712
635 , 177712
635 , 168033
636 , 211545
636 , 638
636 , 211545
636 , 211545
636 , 638
636 , 211545
637 , 211545
637 , 211545
637 , 211545
637 , 211545
637 , 636
637 , 211545
637 , 211545
637 , 211545
637 , 211545
637 , 211545
637 , 211545
637 , 211545
637 , 211545
637 , 211545
637 , 636
637 , 211545
637 , 211545
637 , 211545
637 , 211545
637 , 211545
638 , 636
638 , 636
639 , 129458
639 , 48652
639 , 174611
639 , 80796
639 , 174611
639 , 80796
639 , 48652
639 , 165181
639 , 129458
639 , 48652
639 , 174611
639 , 80796
639 , 174611
639 , 80796
639 , 48652
639 , 165181
639 , 136850
639 , 171618
639 , 57752
639 , 171618
639 , 57752
639 , 129458
639 , 48652
639 , 174611
639 , 80796
639 , 174611
639 , 80796
639 , 48652
639 , 165181
639 , 215035
639 , 194871
640 , 211545
640 , 211545
640 , 211545
640 , 211545
640 , 636
640 , 211545
640 , 211545
640 , 211545
640 , 211545
640 , 211545
640 , 211545
640 , 211545
640 , 211545
640 , 211545
640 , 636
640 , 211545
640 , 211545
640 , 211545
640 , 211545
640 , 211545
641 , 215594
641 , 215594
641 , 215594
641 , 215594
641 , 215594
641 , 215594
641 , 215594
641 , 215594
641 , 215594
641 , 215594
641 , 215594
641 , 215594
641 , 215594
641 , 215594
641 , 215594
641 , 215594
641 , 199483
641 , 199483
641 , 199483
641 , 199483
641 , 199483
641 , 199483
641 , 199483
641 , 199483
641 , 199483
641 , 199483
641 , 199483
641 , 199483
641 , 199483
641 , 199483
641 , 199483
641 , 199483
641 , 8704
641 , 70701
641 , 100912
641 , 192406
641 , 117036
641 , 204064
641 , 215594
641 , 215594
641 , 215594
641 , 215594
641 , 215594
641 , 215594
641 , 215594
641 , 215594
641 , 215594
641 , 215594
641 , 215594
641 , 215594
641 , 215594
641 , 215594
641 , 215594
641 , 215594
641 , 215594
641 , 215594
641 , 215594
641 , 215594
641 , 215594
641 , 215594
641 , 215594
641 , 215594
641 , 215594
641 , 215594
641 , 215594
641 , 215594
641 , 215594
641 , 215594
641 , 215594
641 , 215594
641 , 8704
641 , 192406
641 , 117036
641 , 204064
641 , 192406
641 , 117036
641 , 204064
641 , 215594
641 , 215594
641 , 215594
641 , 215594
641 , 215594
641 , 215594
641 , 215594
641 , 215594
641 , 215594
641 , 215594
641 , 215594
641 , 215594
641 , 215594
641 , 215594
641 , 215594
641 , 215594
642 , 203545
642 , 147317
642 , 203545
642 , 203545
642 , 147317
642 , 203545
642 , 3586
642 , 81798
642 , 212675
642 , 196143
642 , 139526
642 , 212675
642 , 191455
642 , 191455
642 , 180361
642 , 180361
642 , 204903
642 , 204903
642 , 211353
642 , 211353
642 , 184991
642 , 209987
643 , 212675
643 , 196143
643 , 139526
643 , 212675
643 , 203545
643 , 147317
643 , 203545
643 , 3586
643 , 81798
643 , 212675
643 , 196143
643 , 139526
643 , 212675
643 , 191455
643 , 191455
643 , 180361
643 , 180361
643 , 204903
643 , 204903
643 , 211353
643 , 211353
643 , 184991
643 , 209987
644 , 203545
644 , 147317
644 , 203545
644 , 203545
644 , 147317
644 , 203545
644 , 3586
644 , 81798
644 , 212675
644 , 196143
644 , 139526
644 , 212675
644 , 191455
644 , 191455
644 , 180361
644 , 180361
644 , 204903
644 , 204903
644 , 211353
644 , 211353
644 , 184991
644 , 209987
645 , 212675
645 , 196143
645 , 139526
645 , 212675
645 , 203545
645 , 147317
645 , 203545
645 , 3586
645 , 81798
645 , 212675
645 , 196143
645 , 139526
645 , 212675
645 , 191455
645 , 191455
645 , 180361
645 , 180361
645 , 204903
645 , 204903
645 , 211353
645 , 211353
645 , 184991
645 , 209987
646 , 211545
646 , 211545
646 , 211545
646 , 211545
646 , 636
646 , 211545
646 , 211545
646 , 211545
646 , 211545
646 , 211545
646 , 211545
646 , 211545
646 , 211545
646 , 211545
646 , 636
646 , 211545
646 , 211545
646 , 211545
646 , 211545
646 , 211545
647 , 170362
647 , 170362
647 , 165071
647 , 165071
647 , 57822
647 , 57822
647 , 181693
647 , 170362
647 , 170362
647 , 181834
647 , 181834
647 , 194492
647 , 194492
647 , 130164
647 , 34038
647 , 130164
647 , 170362
647 , 170362
647 , 170362
647 , 170362
647 , 130164
647 , 34038
647 , 130164
647 , 170362
647 , 170362
647 , 170362
647 , 170362
647 , 170362
647 , 170362
647 , 211248
647 , 122944
647 , 211248
647 , 211248
647 , 122944
647 , 211248
647 , 170362
647 , 170362
647 , 117429
647 , 117429
647 , 144701
647 , 144701
647 , 211248
647 , 122944
647 , 211248
647 , 109340
647 , 109340
647 , 170362
647 , 170362
647 , 170362
647 , 170362
647 , 170362
647 , 170362
647 , 170362
647 , 170362
648 , 170363
649 , 164978
651 , 170362
651 , 170362
651 , 165071
651 , 165071
651 , 57822
651 , 57822
651 , 181693
651 , 170362
651 , 170362
651 , 181834
651 , 181834
651 , 194492
651 , 194492
651 , 130164
651 , 34038
651 , 130164
651 , 170362
651 , 170362
651 , 170362
651 , 170362
651 , 130164
651 , 34038
651 , 130164
651 , 170362
651 , 170362
651 , 170362
651 , 170362
651 , 170362
651 , 170362
651 , 211248
651 , 122944
651 , 211248
651 , 211248
651 , 122944
651 , 211248
651 , 170362
651 , 170362
651 , 117429
651 , 117429
651 , 144701
651 , 144701
651 , 211248
651 , 122944
651 , 211248
651 , 109340
651 , 109340
651 , 170362
651 , 170362
651 , 170362
651 , 170362
651 , 170362
651 , 170362
651 , 170362
651 , 170362
652 , 207482
652 , 207482
652 , 213846
652 , 188683
652 , 207482
652 , 207482
652 , 207482
652 , 213846
652 , 188683
652 , 207482
652 , 207482
652 , 207482
652 , 213846
652 , 188683
652 , 207482
653 , 654
656 , 174144
658 , 202108
658 , 209424
658 , 202108
658 , 209424
658 , 194529
658 , 202108
658 , 171417
658 , 111275
658 , 173151
658 , 200485
659 , 182197
659 , 97638
659 , 182197
659 , 97638
659 , 182197
659 , 97638
659 , 182197
659 , 97638
660 , 143800
661 , 215413
662 , 95257
662 , 95257
662 , 95257
662 , 174084
662 , 95257
662 , 95257
662 , 95257
662 , 95257
662 , 95257
662 , 95257
662 , 95257
662 , 174084
662 , 95257
662 , 95257
662 , 95257
662 , 95257
663 , 211224
663 , 211224
663 , 199401
663 , 211224
663 , 211224
663 , 211224
663 , 120923
663 , 180674
663 , 66559
663 , 10531
663 , 211224
663 , 51363
663 , 211224
663 , 211224
663 , 211224
663 , 211224
663 , 211224
663 , 211224
663 , 211224
663 , 211224
663 , 211224
663 , 213399
663 , 103418
663 , 211224
663 , 211224
663 , 141507
663 , 141507
663 , 141507
663 , 141507
663 , 141507
663 , 134472
663 , 24069
663 , 141507
663 , 141507
663 , 141507
663 , 141507
663 , 141507
663 , 141507
663 , 141507
663 , 141507
663 , 141507
663 , 141507
663 , 194188
663 , 141507
663 , 141507
663 , 49060
663 , 212574
663 , 121119
663 , 142445
663 , 212574
663 , 212574
663 , 110905
663 , 42800
663 , 164992
663 , 202337
663 , 211224
663 , 211224
663 , 199401
663 , 211224
663 , 211224
663 , 211224
663 , 120923
663 , 180674
663 , 66559
663 , 10531
663 , 211224
663 , 51363
663 , 211224
663 , 211224
663 , 211224
663 , 211224
663 , 211224
663 , 211224
663 , 211224
663 , 211224
663 , 211224
663 , 213399
663 , 103418
663 , 211224
663 , 211224
663 , 211224
663 , 211224
663 , 199401
663 , 211224
663 , 211224
663 , 211224
663 , 120923
663 , 180674
663 , 66559
663 , 10531
663 , 211224
663 , 51363
663 , 211224
663 , 211224
663 , 211224
663 , 211224
663 , 211224
663 , 211224
663 , 211224
663 , 211224
663 , 211224
663 , 213399
663 , 103418
663 , 211224
663 , 211224
664 , 14942
664 , 14942
664 , 14942
664 , 50617
664 , 175625
664 , 145144
664 , 14942
664 , 14942
665 , 204444
665 , 204444
665 , 204444
665 , 204444
665 , 204444
665 , 204444
665 , 127093
665 , 204444
665 , 204444
665 , 204444
665 , 204444
665 , 204444
665 , 204444
665 , 204444
665 , 204444
665 , 204444
665 , 204444
666 , 212779
666 , 212779
666 , 212779
666 , 212779
667 , 180707
667 , 109458
667 , 180707
667 , 25649
667 , 180707
667 , 109458
667 , 180707
667 , 25649
668 , 174144
669 , 211198
669 , 211198
669 , 113796
669 , 147604
669 , 113796
669 , 211198
669 , 135045
669 , 173087
669 , 173087
669 , 173087
669 , 211198
669 , 211198
669 , 113796
669 , 147604
669 , 113796
669 , 211198
669 , 135045
669 , 211179
669 , 211179
669 , 211179
669 , 211180
669 , 211180
669 , 211180
669 , 211195
669 , 211195
669 , 127131
669 , 115856
669 , 127131
669 , 146453
669 , 211195
669 , 188442
669 , 142610
669 , 20757
669 , 20757
669 , 207090
669 , 207090
669 , 207090
669 , 211198
669 , 211198
669 , 113796
669 , 147604
669 , 113796
669 , 211198
669 , 135045
669 , 186841
669 , 186841
669 , 186841
669 , 211195
669 , 211195
669 , 127131
669 , 115856
669 , 127131
669 , 146453
669 , 211195
669 , 188442
669 , 203255
669 , 211198
669 , 211198
669 , 113796
669 , 147604
669 , 113796
669 , 211198
669 , 135045
670 , 118432
670 , 118432
670 , 19828
670 , 118432
670 , 170975
670 , 208498
670 , 118432
670 , 118432
670 , 118432
670 , 118432
670 , 19828
670 , 118432
670 , 170975
670 , 208498
670 , 118432
670 , 118432
670 , 68719
670 , 178948
670 , 178948
670 , 135328
670 , 18511
670 , 102100
670 , 165236
670 , 165236
670 , 165236
670 , 190350
670 , 165236
670 , 165236
670 , 131886
670 , 118432
670 , 118432
670 , 19828
670 , 118432
670 , 170975
670 , 208498
670 , 118432
670 , 118432
671 , 95257
671 , 95257
671 , 95257
671 , 174084
671 , 95257
671 , 95257
671 , 95257
671 , 95257
671 , 95257
671 , 95257
671 , 95257
671 , 174084
671 , 95257
671 , 95257
671 , 95257
671 , 95257
672 , 174084
672 , 174084
673 , 123411
673 , 182197
673 , 97638
673 , 659
673 , 123411
673 , 123411
673 , 182197
673 , 97638
673 , 659
673 , 123411
675 , 185372
675 , 84503
675 , 40386
675 , 185372
675 , 185372
675 , 185372
675 , 185372
675 , 166696
675 , 84503
675 , 71320
675 , 185372
676 , 211005
676 , 211005
676 , 165549
676 , 96610
676 , 96610
676 , 7784
676 , 134472
676 , 7540
676 , 7540
676 , 42691
676 , 54466
676 , 54466
676 , 49620
676 , 49620
676 , 49620
676 , 49620
676 , 49620
676 , 49620
676 , 49620
676 , 49620
676 , 49620
676 , 165075
676 , 165075
676 , 165075
676 , 165075
676 , 165075
676 , 165075
676 , 165075
676 , 165075
676 , 165075
676 , 211005
676 , 123264
676 , 123264
676 , 36556
676 , 36556
676 , 196550
676 , 129382
676 , 129382
676 , 129382
676 , 129382
676 , 213401
676 , 76769
676 , 76769
676 , 49580
676 , 49580
676 , 49580
676 , 1727
676 , 132280
676 , 49580
676 , 49580
676 , 49580
676 , 49580
676 , 49580
676 , 1727
676 , 132280
676 , 49580
676 , 56283
676 , 115661
676 , 102419
676 , 199532
676 , 199532
676 , 171105
676 , 170620
676 , 170620
676 , 74921
676 , 78464
676 , 74921
676 , 78464
676 , 212044
676 , 212044
676 , 41965
676 , 146531
676 , 146531
676 , 211005
677 , 212779
677 , 212779
677 , 212779
677 , 212779
678 , 213543
678 , 166137
678 , 77244
678 , 166137
678 , 166137
678 , 166137
678 , 166137
678 , 166137
678 , 166137
678 , 166137
678 , 166137
678 , 106878
678 , 94544
678 , 44188
678 , 170622
678 , 44188
678 , 170622
678 , 164395
678 , 141835
678 , 141835
678 , 132022
678 , 137949
678 , 132022
678 , 137949
678 , 68951
678 , 68951
678 , 171194
678 , 171194
678 , 213543
678 , 166137
678 , 77244
678 , 166137
678 , 166137
678 , 166137
678 , 166137
678 , 166137
678 , 166137
678 , 166137
678 , 166137
678 , 106878
678 , 132022
678 , 137949
678 , 132022
678 , 137949
678 , 132022
678 , 137949
678 , 132022
678 , 137949
678 , 22716
678 , 51089
678 , 78154
678 , 78154
679 , 180707
679 , 109458
679 , 180707
679 , 25649
679 , 180707
679 , 109458
679 , 180707
679 , 25649
680 , 212805
680 , 126824
680 , 131288
680 , 187563
680 , 187563
680 , 167718
680 , 167718
680 , 100933
680 , 121293
680 , 121293
680 , 201344
680 , 212805
680 , 126824
680 , 131288
680 , 187563
680 , 187563
680 , 206124
680 , 100933
680 , 100933
680 , 200464
680 , 200464
682 , 188437
682 , 188437
683 , 160234
683 , 193385
683 , 160234
683 , 160234
683 , 160234
683 , 160234
683 , 110332
683 , 160234
684 , 210392
684 , 85471
684 , 34452
684 , 75822
684 , 2509
684 , 120868
684 , 12656
684 , 210392
684 , 85471
684 , 34452
684 , 75822
684 , 2509
684 , 120868
685 , 211821
685 , 169995
685 , 169995
685 , 169995
685 , 169995
685 , 169995
685 , 169995
686 , 215936
686 , 215936
686 , 215936
687 , 215461
687 , 215461
687 , 215461
687 , 215461
687 , 215461
687 , 215461
688 , 215462
688 , 174970
688 , 16197
688 , 16197
688 , 16197
688 , 16197
688 , 16197
688 , 16197
688 , 16197
688 , 215471
688 , 16197
688 , 16197
688 , 16197
688 , 16197
688 , 16197
688 , 16197
688 , 16197
688 , 16197
689 , 215937
689 , 215937
689 , 215937
690 , 216031
690 , 216031
690 , 216031
690 , 216031
690 , 216031
690 , 215529
690 , 216031
691 , 216034
692 , 215881
692 , 215881
692 , 215881
692 , 47188
692 , 47188
693 , 216040
693 , 216040
693 , 216040
693 , 216040
693 , 216040
693 , 216040
693 , 216040
693 , 216040
693 , 216040
693 , 216040
693 , 195671
693 , 126076
693 , 85149
693 , 146138
693 , 146138
693 , 146138
693 , 146138
693 , 146138
693 , 146138
693 , 146138
693 , 146138
693 , 146138
693 , 146138
694 , 216040
694 , 216040
694 , 216040
694 , 216040
694 , 216040
694 , 216040
694 , 216040
694 , 216040
694 , 216040
694 , 216040
694 , 195671
694 , 126076
694 , 85149
694 , 146138
694 , 146138
694 , 146138
694 , 146138
694 , 146138
694 , 146138
694 , 146138
694 , 146138
694 , 146138
694 , 146138
695 , 216041
696 , 216044
696 , 198488
696 , 86078
696 , 216044
696 , 164692
696 , 140956
696 , 134414
696 , 216044
696 , 28608
696 , 216044
696 , 198488
696 , 86078
696 , 216044
696 , 164692
696 , 140956
696 , 134414
696 , 216044
696 , 28608
696 , 180723
696 , 216044
696 , 198488
696 , 86078
696 , 216044
696 , 164692
696 , 140956
696 , 134414
696 , 216044
696 , 28608
696 , 187553
696 , 159091
696 , 187553
696 , 149029
696 , 187553
696 , 176222
696 , 216044
696 , 198488
696 , 86078
696 , 216044
696 , 164692
696 , 140956
696 , 134414
696 , 216044
696 , 28608
696 , 49582
696 , 182206
696 , 35877
696 , 106743
696 , 187576
696 , 67476
696 , 26249
696 , 106748
696 , 189759
696 , 189759
696 , 81808
696 , 189759
697 , 216045
697 , 216045
697 , 216045
697 , 216045
697 , 216045
697 , 216045
697 , 216045
697 , 216045
697 , 216045
697 , 8436
697 , 8436
697 , 8436
697 , 8436
697 , 8436
697 , 8436
697 , 8436
697 , 8436
697 , 8436
697 , 216045
697 , 216045
697 , 216045
697 , 216045
697 , 216045
697 , 216045
697 , 216045
697 , 216045
697 , 216045
697 , 185112
697 , 185112
697 , 185112
697 , 185112
697 , 185112
697 , 185112
697 , 185112
697 , 185112
697 , 185112
697 , 216045
697 , 216045
697 , 216045
697 , 216045
697 , 216045
697 , 216045
697 , 216045
697 , 216045
697 , 216045
698 , 216046
698 , 125110
698 , 79592
698 , 213811
698 , 56306
698 , 79592
698 , 127819
698 , 126197
698 , 126197
698 , 98699
698 , 56742
698 , 144880
698 , 162075
698 , 162075
698 , 216046
698 , 125110
698 , 79592
698 , 213811
698 , 56306
698 , 79592
698 , 127819
698 , 126197
698 , 126197
698 , 98699
698 , 56742
698 , 144880
698 , 162075
698 , 162075
698 , 136238
698 , 82452
698 , 200495
698 , 75544
698 , 50587
698 , 152349
698 , 50686
698 , 212947
698 , 50587
698 , 75668
698 , 1306
698 , 36111
698 , 139464
698 , 142622
698 , 2033
698 , 142622
699 , 216047
699 , 8748
699 , 216047
699 , 216047
699 , 8748
700 , 216042
700 , 216042
700 , 216042
700 , 216042
700 , 216042
700 , 216042
700 , 216042
700 , 216042
700 , 216042
700 , 216042
700 , 216042
701 , 216043
701 , 216043
701 , 216043
701 , 216043
701 , 215529
701 , 216043
701 , 216043
702 , 215891
702 , 177787
702 , 56211
702 , 194498
702 , 164304
702 , 175693
702 , 109284
702 , 206102
702 , 55696
702 , 34645
703 , 216035
703 , 216035
703 , 216035
703 , 216035
703 , 216035
703 , 216035
703 , 216035
703 , 216035
703 , 216035
703 , 216035
703 , 216035
703 , 168338
703 , 216035
703 , 216035
703 , 216035
703 , 216035
703 , 216035
703 , 216035
703 , 216035
703 , 216035
703 , 216035
703 , 216035
703 , 216035
703 , 216035
703 , 216035
703 , 216035
703 , 216035
703 , 216035
703 , 216035
703 , 216035
703 , 216035
703 , 216035
703 , 216035
703 , 216035
704 , 216036
704 , 216036
704 , 215517
704 , 40443
704 , 215540
704 , 206586
705 , 215894
705 , 170680
705 , 131853
705 , 170680
706 , 216037
707 , 216049
707 , 123435
707 , 216049
707 , 216049
707 , 216049
707 , 216049
707 , 216049
707 , 123435
707 , 216049
707 , 216049
707 , 216049
707 , 216049
707 , 216049
707 , 123435
707 , 216049
707 , 216049
707 , 216049
707 , 216049
707 , 212725
707 , 212725
707 , 212725
707 , 212725
707 , 212725
707 , 216049
707 , 123435
707 , 216049
707 , 216049
707 , 216049
707 , 216049
707 , 214495
708 , 216050
708 , 216050
709 , 187528
711 , 151909
711 , 11531
711 , 11531
711 , 151909
711 , 151909
712 , 198665
712 , 198665
712 , 198665
712 , 198665
713 , 198665
713 , 198665
713 , 198665
713 , 198665
715 , 129194
716 , 164406
716 , 164406
716 , 164406
716 , 59817
716 , 164406
716 , 58892
716 , 164406
717 , 216007
717 , 216007
717 , 216007
719 , 202466
719 , 202466
719 , 202466
719 , 720
719 , 202466
719 , 202466
719 , 202466
719 , 202466
719 , 202466
719 , 202466
719 , 720
719 , 202466
719 , 202466
719 , 202466
719 , 161257
719 , 104689
719 , 149894
719 , 170989
719 , 109855
719 , 46338
719 , 177138
719 , 177138
719 , 1363
719 , 12368
719 , 12368
719 , 179302
720 , 202466
720 , 128540
720 , 61205
720 , 202466
720 , 128540
720 , 187892
720 , 198432
720 , 161257
720 , 132905
720 , 214037
720 , 58524
720 , 188625
720 , 195069
720 , 195069
720 , 210841
720 , 210841
720 , 210841
720 , 81797
720 , 179302
721 , 121000
721 , 121000
721 , 121000
721 , 82815
724 , 216050
724 , 216050
725 , 216033
726 , 216034
727 , 215691
727 , 215691
727 , 215691
727 , 215691
728 , 216035
728 , 216035
728 , 216035
728 , 216035
728 , 216035
728 , 216035
728 , 216035
728 , 216035
728 , 216035
728 , 216035
728 , 216035
728 , 168338
728 , 216035
728 , 216035
728 , 216035
728 , 216035
728 , 216035
728 , 216035
728 , 216035
728 , 216035
728 , 216035
728 , 216035
728 , 216035
728 , 216035
728 , 216035
728 , 216035
728 , 216035
728 , 216035
728 , 216035
728 , 216035
728 , 216035
728 , 216035
728 , 216035
728 , 216035
729 , 216036
729 , 216036
729 , 215517
729 , 40443
729 , 215540
729 , 206586
730 , 216038
730 , 216038
730 , 216038
730 , 216038
730 , 216038
730 , 216038
730 , 216038
730 , 216038
730 , 216038
730 , 216038
730 , 216038
730 , 216038
730 , 216038
730 , 216038
730 , 216038
730 , 216038
730 , 216038
730 , 216038
730 , 216038
730 , 216038
730 , 216038
730 , 216038
730 , 216038
730 , 216038
730 , 216038
730 , 216038
730 , 216038
730 , 216038
730 , 216038
730 , 216038
730 , 216038
730 , 216038
730 , 216038
730 , 216038
730 , 216038
730 , 216038
731 , 216040
731 , 216040
731 , 216040
731 , 216040
731 , 216040
731 , 216040
731 , 216040
731 , 216040
731 , 216040
731 , 216040
731 , 195671
731 , 126076
731 , 85149
731 , 146138
731 , 146138
731 , 146138
731 , 146138
731 , 146138
731 , 146138
731 , 146138
731 , 146138
731 , 146138
731 , 146138
732 , 216040
732 , 216040
732 , 216040
732 , 216040
732 , 216040
732 , 216040
732 , 216040
732 , 216040
732 , 216040
732 , 216040
732 , 195671
732 , 126076
732 , 85149
732 , 146138
732 , 146138
732 , 146138
732 , 146138
732 , 146138
732 , 146138
732 , 146138
732 , 146138
732 , 146138
732 , 146138
733 , 216041
734 , 99677
734 , 99677
734 , 99677
734 , 130181
734 , 111610
734 , 11029
734 , 99677
734 , 117492
734 , 99677
734 , 99677
734 , 47976
734 , 47976
734 , 47976
734 , 69662
734 , 47976
734 , 47976
734 , 47976
734 , 163547
734 , 16520
734 , 16520
734 , 16520
734 , 73650
734 , 180299
734 , 99677
734 , 99677
734 , 99677
734 , 130181
734 , 111610
734 , 11029
734 , 99677
734 , 117492
734 , 99677
734 , 99677
734 , 160477
735 , 215321
735 , 215321
736 , 99677
736 , 99677
736 , 99677
736 , 130181
736 , 111610
736 , 11029
736 , 99677
736 , 117492
736 , 99677
736 , 99677
736 , 47976
736 , 47976
736 , 47976
736 , 69662
736 , 47976
736 , 47976
736 , 47976
736 , 163547
736 , 16520
736 , 16520
736 , 16520
736 , 73650
736 , 180299
736 , 99677
736 , 99677
736 , 99677
736 , 130181
736 , 111610
736 , 11029
736 , 99677
736 , 117492
736 , 99677
736 , 99677
736 , 160477
737 , 215557
737 , 215557
737 , 215557
738 , 215833
738 , 215833
738 , 215833
738 , 215833
738 , 215833
738 , 215833
738 , 215833
738 , 215833
738 , 215833
738 , 215833
738 , 215833
738 , 215833
738 , 215833
738 , 215833
738 , 215833
738 , 215833
738 , 215833
738 , 215833
738 , 215833
738 , 215833
738 , 215833
738 , 215833
738 , 215833
738 , 215833
739 , 215833
739 , 215833
739 , 215833
739 , 215833
739 , 215833
739 , 215833
739 , 215833
739 , 215833
739 , 215833
739 , 215833
739 , 215833
739 , 215833
739 , 215833
739 , 215833
739 , 215833
739 , 215833
739 , 215833
739 , 215833
739 , 215833
739 , 215833
739 , 215833
739 , 215833
739 , 215833
739 , 215833
740 , 215557
740 , 215557
740 , 215557
741 , 215558
742 , 215559
742 , 215559
742 , 210738
742 , 213911
742 , 146037
742 , 215559
742 , 67823
742 , 92412
742 , 54115
742 , 83788
742 , 108709
742 , 208740
742 , 215559
742 , 215559
742 , 210738
742 , 213911
742 , 146037
742 , 215559
742 , 194708
742 , 193906
742 , 193906
742 , 56746
742 , 91239
742 , 193906
742 , 7389
742 , 169679
742 , 169679
742 , 205888
742 , 169896
742 , 169686
742 , 81801
742 , 73448
742 , 169086
742 , 169679
742 , 143843
742 , 143843
742 , 168972
742 , 127606
742 , 47627
742 , 191678
742 , 47629
742 , 139069
742 , 118406
742 , 182911
742 , 143843
742 , 139069
742 , 210737
742 , 213295
742 , 167559
742 , 168763
742 , 134068
742 , 36258
742 , 165439
742 , 180376
742 , 167125
742 , 165439
742 , 202360
742 , 215559
742 , 215559
742 , 210738
742 , 213911
742 , 146037
742 , 215559
742 , 7390
742 , 182910
742 , 182910
742 , 211356
742 , 198440
742 , 23464
742 , 67799
742 , 67797
742 , 213898
742 , 107144
742 , 182910
742 , 67797
742 , 168829
742 , 165172
742 , 210739
742 , 86650
742 , 113938
742 , 160244
742 , 169954
742 , 10987
742 , 198386
742 , 210740
742 , 62549
742 , 169199
742 , 197331
742 , 151857
742 , 117675
742 , 9770
742 , 135283
742 , 119088
742 , 77877
742 , 36591
742 , 147126
742 , 169210
742 , 210741
742 , 149293
742 , 141433
742 , 26782
742 , 86644
742 , 112780
742 , 112781
742 , 210742
742 , 117692
742 , 195733
742 , 209305
742 , 166997
742 , 113272
742 , 137084
742 , 213227
742 , 213228
742 , 213228
742 , 103381
742 , 118173
742 , 152065
742 , 210692
742 , 141434
742 , 175550
742 , 157829
742 , 213228
742 , 141434
742 , 122107
742 , 216019
742 , 216019
742 , 213115
742 , 161588
742 , 169235
742 , 169705
742 , 178457
742 , 210743
742 , 186357
742 , 170006
742 , 16509
742 , 192489
742 , 216019
742 , 172549
742 , 189982
742 , 17222
742 , 113273
742 , 113275
742 , 51718
742 , 24774
742 , 113275
742 , 202354
742 , 131604
742 , 105261
742 , 215704
742 , 84309
742 , 210744
742 , 84357
742 , 36073
742 , 194708
742 , 93609
742 , 210745
742 , 46518
742 , 84975
742 , 84975
742 , 152210
742 , 194828
742 , 86658
742 , 86630
742 , 210746
742 , 176817
742 , 201825
742 , 84975
742 , 213284
742 , 213284
742 , 211373
742 , 65017
742 , 169196
742 , 179495
742 , 29204
742 , 186424
742 , 145825
742 , 215073
742 , 85182
742 , 164105
742 , 213284
742 , 145825
742 , 75169
742 , 210454
742 , 201220
742 , 201220
742 , 173583
742 , 200616
742 , 115454
742 , 152192
742 , 180795
742 , 123972
742 , 51719
742 , 210747
742 , 215636
742 , 201220
742 , 52476
742 , 174648
742 , 19701
742 , 38917
742 , 206320
742 , 50721
742 , 117261
742 , 210748
742 , 71400
742 , 40362
742 , 113897
742 , 112789
742 , 210749
742 , 167395
742 , 207764
742 , 207764
742 , 207765
742 , 180244
742 , 207768
742 , 168831
742 , 75246
742 , 194777
742 , 98023
742 , 209389
742 , 207764
742 , 107153
742 , 107153
742 , 129279
742 , 103498
742 , 169664
742 , 122050
742 , 215118
742 , 169518
742 , 107153
742 , 210751
742 , 195720
742 , 112791
742 , 112792
742 , 210752
744 , 112329
744 , 112329
744 , 200468
744 , 215545
744 , 112329
744 , 112329
744 , 112329
745 , 215558
746 , 215559
746 , 215559
746 , 210738
746 , 213911
746 , 146037
746 , 215559
746 , 67823
746 , 92412
746 , 54115
746 , 83788
746 , 108709
746 , 208740
746 , 215559
746 , 215559
746 , 210738
746 , 213911
746 , 146037
746 , 215559
746 , 194708
746 , 193906
746 , 193906
746 , 56746
746 , 91239
746 , 193906
746 , 7389
746 , 169679
746 , 169679
746 , 205888
746 , 169896
746 , 169686
746 , 81801
746 , 73448
746 , 169086
746 , 169679
746 , 143843
746 , 143843
746 , 168972
746 , 127606
746 , 47627
746 , 191678
746 , 47629
746 , 139069
746 , 118406
746 , 182911
746 , 143843
746 , 139069
746 , 210737
746 , 213295
746 , 167559
746 , 168763
746 , 134068
746 , 36258
746 , 165439
746 , 180376
746 , 167125
746 , 165439
746 , 202360
746 , 215559
746 , 215559
746 , 210738
746 , 213911
746 , 146037
746 , 215559
746 , 7390
746 , 182910
746 , 182910
746 , 211356
746 , 198440
746 , 23464
746 , 67799
746 , 67797
746 , 213898
746 , 107144
746 , 182910
746 , 67797
746 , 168829
746 , 165172
746 , 210739
746 , 86650
746 , 113938
746 , 160244
746 , 169954
746 , 10987
746 , 198386
746 , 210740
746 , 62549
746 , 169199
746 , 197331
746 , 151857
746 , 117675
746 , 9770
746 , 135283
746 , 119088
746 , 77877
746 , 36591
746 , 147126
746 , 169210
746 , 210741
746 , 149293
746 , 141433
746 , 26782
746 , 86644
746 , 112780
746 , 112781
746 , 210742
746 , 117692
746 , 195733
746 , 209305
746 , 166997
746 , 113272
746 , 137084
746 , 213227
746 , 213228
746 , 213228
746 , 103381
746 , 118173
746 , 152065
746 , 210692
746 , 141434
746 , 175550
746 , 157829
746 , 213228
746 , 141434
746 , 122107
746 , 216019
746 , 216019
746 , 213115
746 , 161588
746 , 169235
746 , 169705
746 , 178457
746 , 210743
746 , 186357
746 , 170006
746 , 16509
746 , 192489
746 , 216019
746 , 172549
746 , 189982
746 , 17222
746 , 113273
746 , 113275
746 , 51718
746 , 24774
746 , 113275
746 , 202354
746 , 131604
746 , 105261
746 , 215704
746 , 84309
746 , 210744
746 , 84357
746 , 36073
746 , 194708
746 , 93609
746 , 210745
746 , 46518
746 , 84975
746 , 84975
746 , 152210
746 , 194828
746 , 86658
746 , 86630
746 , 210746
746 , 176817
746 , 201825
746 , 84975
746 , 213284
746 , 213284
746 , 211373
746 , 65017
746 , 169196
746 , 179495
746 , 29204
746 , 186424
746 , 145825
746 , 215073
746 , 85182
746 , 164105
746 , 213284
746 , 145825
746 , 75169
746 , 210454
746 , 201220
746 , 201220
746 , 173583
746 , 200616
746 , 115454
746 , 152192
746 , 180795
746 , 123972
746 , 51719
746 , 210747
746 , 215636
746 , 201220
746 , 52476
746 , 174648
746 , 19701
746 , 38917
746 , 206320
746 , 50721
746 , 117261
746 , 210748
746 , 71400
746 , 40362
746 , 113897
746 , 112789
746 , 210749
746 , 167395
746 , 207764
746 , 207764
746 , 207765
746 , 180244
746 , 207768
746 , 168831
746 , 75246
746 , 194777
746 , 98023
746 , 209389
746 , 207764
746 , 107153
746 , 107153
746 , 129279
746 , 103498
746 , 169664
746 , 122050
746 , 215118
746 , 169518
746 , 107153
746 , 210751
746 , 195720
746 , 112791
746 , 112792
746 , 210752
747 , 59843
749 , 215629
749 , 215629
749 , 215629
750 , 214320
750 , 2637
750 , 193441
750 , 6477
750 , 192446
750 , 179022
750 , 49864
750 , 91597
750 , 1522
750 , 124287
750 , 124253
750 , 214320
750 , 2637
750 , 193441
750 , 6477
750 , 192446
750 , 179022
750 , 49864
750 , 91597
750 , 1522
750 , 124287
750 , 124253
750 , 214320
750 , 2637
750 , 193441
750 , 6477
750 , 192446
750 , 179022
750 , 49864
750 , 91597
750 , 1522
750 , 124287
750 , 124253
750 , 141926
750 , 152718
750 , 192992
750 , 2632
750 , 7818
750 , 200219
750 , 210785
750 , 214320
750 , 2637
750 , 193441
750 , 6477
750 , 192446
750 , 179022
750 , 49864
750 , 91597
750 , 1522
750 , 124287
750 , 124253
750 , 214320
750 , 2637
750 , 193441
750 , 6477
750 , 192446
750 , 179022
750 , 49864
750 , 91597
750 , 1522
750 , 124287
750 , 124253
750 , 141926
750 , 152718
751 , 188098
751 , 188098
751 , 188098
751 , 188098
751 , 188098
751 , 188098
752 , 759
752 , 149589
753 , 188098
753 , 188098
753 , 188098
753 , 188098
753 , 188098
753 , 188098
753 , 188098
754 , 759
754 , 149589
755 , 215808
755 , 170425
755 , 174102
755 , 215808
755 , 145119
755 , 145119
755 , 215808
755 , 170425
755 , 174102
755 , 215808
755 , 37321
755 , 37321
755 , 127089
755 , 127089
755 , 138423
755 , 37321
755 , 37321
755 , 142616
755 , 124647
755 , 142616
755 , 182178
755 , 195726
755 , 37968
755 , 93576
755 , 52233
755 , 195727
755 , 214506
755 , 182178
755 , 107583
755 , 63602
755 , 15028
755 , 195731
755 , 195728
755 , 195729
755 , 130023
755 , 130023
755 , 35368
755 , 35368
755 , 76686
755 , 215808
755 , 170425
755 , 174102
755 , 215808
755 , 83632
755 , 83632
755 , 8980
755 , 8980
756 , 57350
756 , 761
757 , 57350
757 , 57350
757 , 756
757 , 761
759 , 149589
761 , 57350
761 , 756
762 , 129357
762 , 327
762 , 189660
762 , 327
762 , 210584
762 , 197533
762 , 129357
762 , 327
762 , 189660
762 , 327
762 , 186089
762 , 186089
762 , 215829
762 , 215829
762 , 197490
762 , 143241
762 , 88171
762 , 88171
762 , 45888
762 , 176074
762 , 166322
762 , 180616
762 , 210051
762 , 129357
762 , 327
762 , 189660
762 , 327
762 , 1586
762 , 107010
762 , 107010
763 , 114540
763 , 160318
763 , 128581
763 , 215653
763 , 207590
763 , 3890
763 , 1422
763 , 172525
763 , 110426
763 , 209166
763 , 215842
764 , 211199
764 , 211199
764 , 125735
764 , 125735
764 , 211199
764 , 171467
764 , 171467
764 , 171467
764 , 211199
764 , 211199
764 , 125735
764 , 125735
764 , 211199
764 , 63885
764 , 63885
764 , 63885
764 , 211199
764 , 211199
764 , 125735
764 , 125735
764 , 211199
765 , 211178
765 , 211178
765 , 134818
765 , 211178
765 , 202095
765 , 202095
765 , 202095
765 , 211197
765 , 211197
765 , 174511
765 , 211197
765 , 351
765 , 351
765 , 351
765 , 211178
765 , 211178
765 , 134818
765 , 211178
765 , 186925
765 , 186925
765 , 186925
765 , 1966
765 , 1966
765 , 1966
765 , 211178
765 , 211178
765 , 134818
765 , 211178
765 , 186925
765 , 186925
765 , 186925
766 , 767
766 , 16479
766 , 767
766 , 214848
766 , 70817
766 , 114105
766 , 767
767 , 16479
767 , 214848
767 , 70817
767 , 114105
769 , 215625
769 , 122569
769 , 215625
769 , 168840
769 , 163299
769 , 188149
769 , 186489
769 , 150068
769 , 76334
769 , 167502
769 , 54599
769 , 86957
769 , 86957
769 , 168840
769 , 210955
769 , 210955
769 , 169462
769 , 86664
769 , 80902
769 , 6970
769 , 6970
769 , 6970
769 , 92739
769 , 123432
769 , 163553
769 , 163553
769 , 163553
769 , 203545
769 , 136304
769 , 4676
769 , 62993
769 , 61874
769 , 200189
769 , 177003
769 , 144853
769 , 144853
769 , 61874
769 , 200189
769 , 177003
769 , 144853
769 , 144853
769 , 201665
769 , 50115
769 , 50115
769 , 201665
769 , 83402
769 , 77476
769 , 48889
769 , 48889
769 , 108675
769 , 108675
769 , 141835
769 , 212675
769 , 136270
769 , 77970
769 , 77970
769 , 180021
769 , 17649
769 , 73850
769 , 204903
769 , 204903
769 , 204903
769 , 204903
769 , 204903
769 , 204903
769 , 204903
769 , 204903
769 , 204903
769 , 204903
769 , 204903
769 , 204903
769 , 204903
769 , 204903
769 , 211353
769 , 49014
769 , 213334
769 , 48400
769 , 48400
769 , 189505
769 , 215233
769 , 167581
769 , 105924
769 , 105924
769 , 9634
769 , 215625
769 , 122569
769 , 215625
769 , 168840
769 , 163299
769 , 188149
769 , 186489
769 , 150068
769 , 76334
769 , 167502
769 , 54599
769 , 86957
769 , 86957
769 , 168840
769 , 210955
769 , 210955
769 , 169462
769 , 86664
769 , 80902
769 , 6970
769 , 6970
769 , 6970
769 , 92739
769 , 123432
769 , 163553
769 , 163553
769 , 163553
769 , 112161
769 , 73850
769 , 73850
769 , 100152
769 , 100152
769 , 100152
769 , 100152
769 , 100152
769 , 100152
769 , 100152
769 , 107012
769 , 107012
769 , 123405
769 , 208353
769 , 206314
769 , 188112
769 , 131548
769 , 131548
769 , 163696
769 , 78154
769 , 167807
769 , 103459
769 , 111586
769 , 149794
769 , 161151
769 , 161151
769 , 181721
769 , 149794
769 , 27567
769 , 27567
770 , 180836
770 , 180836
770 , 180836
770 , 180836
770 , 180836
770 , 180836
770 , 180836
770 , 180836
770 , 180836
770 , 180836
770 , 180836
770 , 165262
770 , 165262
770 , 47284
770 , 165262
770 , 165262
770 , 188616
770 , 165262
770 , 165262
770 , 165262
770 , 165262
770 , 165262
770 , 165262
770 , 165262
770 , 116731
770 , 180836
770 , 180836
770 , 180836
770 , 180836
770 , 180836
770 , 180836
770 , 180836
770 , 180836
770 , 180836
770 , 180836
770 , 180836
770 , 146070
770 , 146070
770 , 146070
770 , 134905
770 , 146070
770 , 2878
770 , 146070
770 , 146070
770 , 146070
770 , 146070
770 , 146070
770 , 146070
770 , 146070
770 , 212340
770 , 212340
770 , 212340
770 , 212340
770 , 212340
770 , 212340
770 , 212340
770 , 212340
770 , 212340
770 , 212340
770 , 212340
770 , 82902
770 , 191435
770 , 103567
770 , 42984
770 , 198196
770 , 198196
770 , 198196
770 , 198196
770 , 198196
770 , 198196
770 , 198196
770 , 198196
770 , 198196
770 , 198196
770 , 198196
770 , 21452
770 , 21452
770 , 21452
770 , 21452
770 , 170619
770 , 21452
770 , 21452
770 , 21452
770 , 21452
770 , 21452
770 , 21452
770 , 21452
770 , 21452
770 , 21452
770 , 21452
770 , 21452
770 , 170619
770 , 21452
770 , 21452
770 , 21452
770 , 21452
770 , 21452
770 , 21452
770 , 21452
770 , 180836
770 , 180836
770 , 180836
770 , 180836
770 , 180836
770 , 180836
770 , 180836
770 , 180836
770 , 180836
770 , 180836
770 , 180836
770 , 201247
770 , 126957
770 , 212340
770 , 212340
770 , 212340
770 , 212340
770 , 212340
770 , 212340
770 , 212340
770 , 212340
770 , 212340
770 , 212340
770 , 212340
770 , 58604
770 , 58604
770 , 58604
770 , 58604
770 , 58604
770 , 58604
770 , 58604
770 , 58604
770 , 58604
770 , 58604
770 , 58604
770 , 180836
770 , 180836
770 , 180836
770 , 180836
770 , 180836
770 , 180836
770 , 180836
770 , 180836
770 , 180836
770 , 180836
770 , 180836
770 , 148372
770 , 148372
770 , 148372
770 , 148372
770 , 148372
770 , 148372
770 , 148372
770 , 148372
770 , 148372
770 , 148372
770 , 148372
770 , 180836
770 , 180836
770 , 180836
770 , 180836
770 , 180836
770 , 180836
770 , 180836
770 , 180836
770 , 180836
770 , 180836
770 , 180836
771 , 155927
771 , 155927
771 , 155721
771 , 155927
771 , 155927
771 , 18993
771 , 155715
771 , 209629
771 , 155927
771 , 155927
771 , 155927
771 , 155927
771 , 155721
771 , 155927
771 , 155927
771 , 18993
771 , 155715
771 , 209629
771 , 155927
771 , 155927
771 , 94606
771 , 159126
771 , 187565
771 , 59573
771 , 125022
771 , 64038
771 , 5287
771 , 68070
771 , 33269
771 , 75963
771 , 75963
771 , 43199
771 , 75963
771 , 157584
771 , 182300
771 , 100869
771 , 25080
771 , 84191
771 , 25080
771 , 25080
771 , 25080
771 , 122306
771 , 1353
771 , 1353
771 , 197517
771 , 1353
771 , 208274
771 , 1353
771 , 1353
771 , 1353
771 , 59556
771 , 42329
771 , 110294
771 , 211014
771 , 6327
771 , 155927
771 , 155927
771 , 155721
771 , 155927
771 , 155927
771 , 18993
771 , 155715
771 , 209629
771 , 155927
771 , 155927
771 , 155927
771 , 155927
771 , 155721
771 , 155927
771 , 155927
771 , 18993
771 , 155715
771 , 209629
771 , 155927
771 , 155927
771 , 187565
771 , 59573
771 , 125022
771 , 155927
771 , 155927
771 , 155721
771 , 155927
771 , 155927
771 , 18993
771 , 155715
771 , 209629
771 , 155927
771 , 155927
773 , 156459
773 , 156459
773 , 162342
773 , 156460
773 , 156459
773 , 156459
773 , 162342
773 , 156459
774 , 215110
774 , 215110
774 , 215110
774 , 215110
774 , 18821
775 , 212394
775 , 212394
775 , 212394
775 , 212394
775 , 212394
775 , 212394
775 , 158333
775 , 212394
775 , 212394
776 , 208120
776 , 208120
776 , 208120
776 , 208120
776 , 165344
776 , 3625
776 , 208120
776 , 208120
776 , 90652
776 , 189438
776 , 157748
776 , 202360
776 , 195228
776 , 195228
776 , 60922
776 , 40737
776 , 40738
776 , 152423
776 , 149537
776 , 171037
776 , 193399
776 , 190778
776 , 205639
776 , 208120
776 , 208120
776 , 137803
776 , 137803
776 , 113643
776 , 77977
776 , 208120
776 , 208120
776 , 208120
776 , 208120
776 , 69631
777 , 209929
777 , 209929
777 , 209929
777 , 209929
777 , 209929
777 , 209929
778 , 201344
778 , 201344
778 , 201344
778 , 201344
778 , 201344
778 , 201344
778 , 201344
778 , 201344
778 , 201344
778 , 201344
778 , 201344
778 , 201344
778 , 201344
778 , 201344
778 , 201344
778 , 201344
778 , 201344
778 , 73726
778 , 201344
778 , 201344
778 , 201665
778 , 201665
778 , 129194
778 , 129194
778 , 64018
778 , 201344
778 , 201344
778 , 201344
778 , 201344
778 , 201344
778 , 201344
778 , 201344
778 , 201344
778 , 201344
778 , 201344
778 , 201344
778 , 201344
778 , 201344
778 , 201344
778 , 201344
778 , 201344
778 , 201344
778 , 73726
778 , 201344
778 , 201344
778 , 198466
778 , 209323
778 , 92164
778 , 201344
778 , 201344
778 , 201344
778 , 201344
778 , 201344
778 , 201344
778 , 201344
778 , 201344
778 , 201344
778 , 201344
778 , 201344
778 , 201344
778 , 201344
778 , 201344
778 , 201344
778 , 201344
778 , 201344
778 , 73726
778 , 201344
778 , 201344
778 , 96176
778 , 144595
778 , 144595
778 , 144595
778 , 144595
778 , 144595
778 , 144595
778 , 144595
778 , 144595
778 , 144595
778 , 144595
778 , 144595
778 , 144595
778 , 144595
778 , 144595
778 , 144595
778 , 144595
778 , 144595
778 , 144595
778 , 144595
778 , 108550
778 , 108550
778 , 108550
778 , 108550
778 , 108550
778 , 108550
778 , 110433
778 , 108550
778 , 108550
778 , 108550
778 , 108550
778 , 108550
778 , 108550
778 , 108550
778 , 108550
778 , 108550
778 , 108550
778 , 108550
778 , 108550
778 , 108550
778 , 144930
778 , 177003
778 , 177003
778 , 201665
778 , 201665
778 , 100933
778 , 100933
778 , 100933
778 , 100933
778 , 100933
778 , 100933
778 , 100933
778 , 100933
778 , 100933
778 , 100933
778 , 100933
778 , 100933
778 , 100933
778 , 100933
778 , 100933
778 , 100933
778 , 100933
778 , 100933
778 , 28570
778 , 100933
778 , 121293
778 , 121293
778 , 121293
778 , 121293
778 , 121293
778 , 121293
778 , 121293
778 , 121293
778 , 121293
778 , 121293
778 , 121293
778 , 121293
778 , 121293
778 , 121293
778 , 121293
778 , 121293
778 , 121293
778 , 121293
778 , 121293
778 , 121293
778 , 121293
778 , 121293
778 , 121293
778 , 121293
778 , 121293
778 , 121293
778 , 121293
778 , 121293
778 , 121293
778 , 121293
778 , 121293
778 , 121293
778 , 121293
778 , 121293
778 , 121293
778 , 121293
778 , 121293
778 , 121293
778 , 21880
778 , 201344
778 , 201344
778 , 201344
778 , 201344
778 , 201344
778 , 201344
778 , 201344
778 , 201344
778 , 201344
778 , 201344
778 , 201344
778 , 201344
778 , 201344
778 , 201344
778 , 201344
778 , 201344
778 , 201344
778 , 73726
778 , 201344
778 , 201344
778 , 201344
778 , 201344
778 , 201344
778 , 201344
778 , 201344
778 , 201344
778 , 201344
778 , 201344
778 , 201344
778 , 201344
778 , 201344
778 , 201344
778 , 201344
778 , 201344
778 , 201344
778 , 201344
778 , 201344
778 , 73726
778 , 201344
778 , 201344
778 , 201344
778 , 201344
778 , 201344
778 , 201344
778 , 201344
778 , 201344
778 , 201344
778 , 201344
778 , 201344
778 , 201344
778 , 201344
778 , 201344
778 , 201344
778 , 201344
778 , 201344
778 , 201344
778 , 201344
778 , 73726
778 , 201344
778 , 201344
779 , 161230
782 , 215509
782 , 215509
782 , 200452
782 , 193646
785 , 214557
786 , 216097
786 , 216097
786 , 216097
786 , 216097
786 , 216097
786 , 216097
786 , 216097
786 , 216097
787 , 214560
787 , 214560
788 , 189652
788 , 205691
788 , 205691
788 , 98043
788 , 117295
788 , 205691
788 , 205691
788 , 98043
788 , 117295
788 , 205691
788 , 205691
788 , 108173
788 , 205691
788 , 205691
788 , 185015
788 , 185015
788 , 185015
788 , 185015
788 , 185015
788 , 185015
788 , 185015
788 , 185015
788 , 142815
788 , 173760
788 , 174422
788 , 50879
788 , 189652
788 , 205691
788 , 205691
788 , 98043
788 , 117295
788 , 205691
788 , 205691
788 , 98043
788 , 117295
788 , 205691
788 , 205691
788 , 108173
788 , 205691
788 , 205691
788 , 144363
788 , 139455
788 , 213756
789 , 214560
789 , 214560
790 , 214561
791 , 216074
791 , 140144
791 , 216074
791 , 216074
791 , 140144
791 , 216074
791 , 216074
791 , 140144
791 , 216074
791 , 216074
791 , 140144
791 , 216074
792 , 216075
792 , 216075
792 , 216075
792 , 216075
792 , 168540
792 , 7710
792 , 35854
792 , 7710
792 , 35854
792 , 216075
792 , 216075
792 , 213259
792 , 214209
792 , 144272
792 , 216075
792 , 216075
792 , 215615
792 , 89531
793 , 216076
793 , 178015
793 , 178015
793 , 202874
793 , 180510
793 , 216076
793 , 216076
793 , 148732
793 , 210053
793 , 178131
793 , 120662
793 , 120662
793 , 120662
793 , 209437
793 , 120662
793 , 120662
793 , 120662
793 , 146698
793 , 46578
793 , 46578
793 , 46578
793 , 46578
793 , 46578
793 , 46578
793 , 107089
793 , 152884
793 , 202169
793 , 114985
793 , 107089
793 , 152884
793 , 202169
793 , 114985
793 , 89614
793 , 148738
793 , 216076
793 , 178015
793 , 178015
793 , 202874
793 , 180510
793 , 216076
793 , 216076
793 , 148732
793 , 210053
793 , 178131
793 , 120662
793 , 120662
793 , 120662
793 , 209437
793 , 120662
793 , 120662
793 , 120662
793 , 146698
793 , 46578
793 , 46578
793 , 46578
793 , 46578
793 , 46578
793 , 46578
793 , 107089
793 , 152884
793 , 202169
793 , 114985
793 , 107089
793 , 152884
793 , 202169
793 , 114985
793 , 89614
793 , 148738
793 , 216076
794 , 216077
795 , 216078
795 , 216078
795 , 177848
795 , 216078
795 , 216078
795 , 216078
795 , 216078
795 , 216078
795 , 177848
795 , 216078
795 , 216078
795 , 216078
796 , 216079
797 , 216080
797 , 216080
797 , 216080
797 , 216080
797 , 43171
797 , 216080
797 , 216080
797 , 93492
797 , 79863
797 , 37660
797 , 79863
797 , 79863
797 , 214443
797 , 6728
797 , 6728
797 , 6728
797 , 6728
797 , 6728
797 , 6728
797 , 63224
797 , 63224
797 , 1086
797 , 63224
797 , 63224
797 , 63224
797 , 63224
797 , 6722
797 , 6722
797 , 6722
797 , 6722
797 , 6722
797 , 6722
797 , 204935
797 , 79863
797 , 79863
797 , 79863
797 , 79863
797 , 63638
797 , 159125
797 , 47976
797 , 47976
797 , 47976
797 , 69662
797 , 47976
797 , 47976
797 , 47976
797 , 79863
797 , 79863
797 , 201495
797 , 201495
797 , 14417
797 , 14417
797 , 79684
797 , 79863
797 , 79863
797 , 129210
797 , 73067
797 , 208541
797 , 19695
797 , 19695
797 , 198907
797 , 198907
797 , 210053
797 , 175396
797 , 136753
797 , 146698
797 , 71915
797 , 107089
797 , 138638
797 , 180944
797 , 107089
797 , 138638
797 , 180944
797 , 134341
797 , 67791
797 , 67791
797 , 100413
797 , 100413
797 , 54533
797 , 111093
797 , 63224
797 , 63224
797 , 1086
797 , 63224
797 , 63224
797 , 63224
797 , 63224
797 , 63224
797 , 63224
797 , 1086
797 , 63224
797 , 63224
797 , 63224
797 , 63224
797 , 79863
797 , 79863
797 , 79863
797 , 179516
797 , 179516
797 , 74373
797 , 100413
797 , 100413
797 , 167051
797 , 188618
797 , 188618
797 , 134341
797 , 67791
797 , 67791
797 , 100413
797 , 100413
797 , 54533
797 , 111093
797 , 63224
797 , 63224
797 , 1086
797 , 63224
797 , 63224
797 , 63224
797 , 63224
797 , 79863
797 , 79863
798 , 216081
798 , 216081
798 , 63333
798 , 63333
798 , 63333
798 , 63333
798 , 63333
798 , 63333
798 , 63333
798 , 63333
798 , 216081
799 , 216082
