300 , 36258
300 , 210737
300 , 213295
300 , 167559
300 , 168763
300 , 134068
300 , 36258
300 , 165439
300 , 180376
300 , 167125
300 , 140947
300 , 208742
300 , 140940
300 , 193906
300 , 56746
300 , 91239
300 , 7389
300 , 7389
300 , 169679
300 , 205888
300 , 169896
300 , 169686
300 , 81801
300 , 73448
300 , 143843
300 , 168972
300 , 127606
300 , 47627
300 , 191678
300 , 47629
300 , 139069
300 , 118406
300 , 182911
300 , 36258
300 , 210737
300 , 213295
300 , 167559
300 , 168763
300 , 134068
300 , 36258
300 , 165439
300 , 180376
300 , 167125
300 , 202360
300 , 146037
300 , 215559
300 , 210738
300 , 213911
300 , 146037
300 , 7390
300 , 23464
300 , 182910
300 , 211356
300 , 198440
300 , 23464
300 , 67799
300 , 67797
300 , 213898
300 , 107144
300 , 113938
300 , 165172
300 , 210739
300 , 86650
300 , 113938
300 , 160244
300 , 169954
300 , 10987
300 , 198386
300 , 210740
300 , 62549
300 , 169199
300 , 197331
300 , 151857
300 , 117675
300 , 9770
300 , 135283
300 , 119088
300 , 77877
300 , 36591
300 , 147126
300 , 169210
300 , 210741
300 , 149293
300 , 141433
300 , 26782
300 , 86644
300 , 112780
300 , 112781
300 , 210742
300 , 117692
300 , 195733
300 , 209305
300 , 113272
300 , 166997
300 , 113272
300 , 137084
300 , 213227
300 , 152065
300 , 213228
300 , 103381
300 , 118173
300 , 152065
300 , 210692
300 , 141434
300 , 175550
300 , 157829
300 , 122107
300 , 216019
300 , 213115
300 , 161588
300 , 169235
300 , 169705
300 , 178457
300 , 210743
300 , 186357
300 , 170006
300 , 16509
300 , 192489
300 , 172549
300 , 189982
300 , 17222
300 , 113273
300 , 113275
300 , 51718
300 , 24774
300 , 202354
300 , 131604
300 , 105261
300 , 215704
300 , 84309
300 , 210744
300 , 84357
300 , 36073
300 , 194708
300 , 93609
300 , 210745
300 , 46518
300 , 84975
300 , 152210
300 , 194828
300 , 86658
300 , 86630
300 , 210746
300 , 176817
300 , 201825
300 , 29204
300 , 198360
300 , 213284
300 , 211373
300 , 65017
300 , 169196
300 , 179495
300 , 29204
300 , 186424
300 , 145825
300 , 215073
300 , 85182
300 , 164105
300 , 75169
300 , 210454
300 , 201220
300 , 173583
300 , 200616
300 , 115454
300 , 152192
300 , 180795
300 , 123972
300 , 51719
300 , 210747
300 , 215636
300 , 52476
300 , 19701
300 , 174648
300 , 19701
300 , 38917
300 , 206320
300 , 50721
300 , 117261
300 , 210748
300 , 71400
300 , 40362
300 , 113897
300 , 112789
300 , 210749
300 , 167395
300 , 75246
300 , 207764
300 , 207765
300 , 180244
300 , 207768
300 , 168831
300 , 75246
300 , 194777
300 , 98023
300 , 209389
300 , 107153
300 , 129279
300 , 103498
300 , 169664
300 , 122050
300 , 215118
300 , 169518
300 , 210751
300 , 195720
300 , 112791
300 , 112792
300 , 210752
304 , 148476
304 , 148476
304 , 165194
304 , 40627
304 , 148476
304 , 215064
304 , 129259
304 , 148476
304 , 148476
304 , 160252
305 , 148989
305 , 148989
305 , 148989
305 , 148989
305 , 148989
308 , 206047
308 , 206047
308 , 41142
308 , 206047
308 , 206047
308 , 53087
308 , 206047
308 , 206047
308 , 206047
308 , 206047
308 , 206047
308 , 120527
308 , 206047
308 , 206047
308 , 109915
308 , 210584
308 , 59573
308 , 197533
308 , 206047
308 , 206047
308 , 41142
308 , 206047
308 , 206047
308 , 53087
308 , 206047
308 , 206047
308 , 206047
308 , 206047
308 , 206047
308 , 120527
308 , 206047
308 , 206047
308 , 109915
308 , 212367
308 , 212367
308 , 212367
308 , 212367
308 , 212367
308 , 212367
308 , 212367
308 , 212367
308 , 212367
308 , 212367
308 , 212367
308 , 168347
308 , 34307
308 , 45888
308 , 110494
308 , 120955
308 , 168347
308 , 34307
308 , 180616
308 , 28796
308 , 206047
308 , 206047
308 , 41142
308 , 206047
308 , 206047
308 , 53087
308 , 206047
308 , 206047
308 , 206047
308 , 206047
308 , 206047
308 , 120527
308 , 206047
308 , 206047
308 , 109915
308 , 1586
308 , 122590
308 , 200488
315 , 195858
315 , 195858
317 , 318
317 , 318
319 , 215668
319 , 215668
319 , 215668
319 , 215668
319 , 215668
319 , 215668
319 , 215668
319 , 215668
319 , 215668
319 , 215668
319 , 215668
319 , 215668
319 , 215668
319 , 215668
319 , 215668
319 , 215668
319 , 215668
319 , 203259
319 , 215668
319 , 209936
319 , 12636
319 , 215668
320 , 207827
321 , 206053
322 , 206054
323 , 214141
323 , 214141
323 , 136403
323 , 136403
323 , 191713
323 , 191677
323 , 205776
323 , 179676
323 , 136403
323 , 136403
323 , 191713
323 , 191677
323 , 205776
323 , 179676
323 , 136403
323 , 136403
323 , 191713
323 , 191677
323 , 205776
323 , 179676
323 , 185057
323 , 185057
323 , 98134
323 , 98134
323 , 189324
323 , 47235
323 , 189324
323 , 168761
323 , 31699
323 , 205700
323 , 82402
323 , 42382
323 , 82402
323 , 214141
323 , 214141
323 , 148067
323 , 214141
323 , 214141
323 , 47750
323 , 36893
323 , 159933
323 , 212389
323 , 212389
323 , 55589
323 , 131498
323 , 46921
323 , 97088
323 , 97088
323 , 214141
323 , 214141
323 , 137090
323 , 137090
323 , 193729
323 , 193729
323 , 71856
323 , 71856
323 , 176863
323 , 1304
323 , 176863
323 , 72386
323 , 72386
323 , 209821
323 , 20305
323 , 209821
323 , 144679
323 , 131498
323 , 170673
323 , 56848
323 , 170673
323 , 214141
323 , 214141
323 , 214141
323 , 214141
324 , 206056
325 , 171464
327 , 129357
327 , 41460
327 , 30319
327 , 98150
327 , 98150
327 , 89626
327 , 129357
327 , 41460
327 , 30319
327 , 98150
327 , 98150
327 , 89626
327 , 215829
327 , 142626
327 , 215829
327 , 142626
327 , 39578
327 , 197490
327 , 143241
327 , 88171
327 , 171106
327 , 137884
327 , 197490
327 , 82758
327 , 187518
327 , 187518
327 , 127194
327 , 88457
327 , 120955
327 , 45926
327 , 108475
327 , 108475
327 , 127194
327 , 88457
327 , 216045
327 , 216045
327 , 39578
327 , 166322
327 , 62175
327 , 62175
327 , 129357
327 , 41460
327 , 30319
327 , 98150
327 , 98150
327 , 89626
327 , 1586
327 , 1586
327 , 1586
327 , 107010
327 , 107010
327 , 107010
327 , 107010
327 , 107010
327 , 107010
327 , 107010
327 , 107010
327 , 107010
327 , 107010
327 , 107010
327 , 107010
327 , 107010
327 , 107010
327 , 107010
327 , 107010
327 , 107010
327 , 107010
327 , 107010
327 , 107010
327 , 107010
327 , 47513
327 , 76050
327 , 2866
327 , 2866
327 , 157709
327 , 200488
327 , 215842
332 , 142873
332 , 142873
332 , 135275
332 , 142873
332 , 142873
332 , 142873
332 , 142873
332 , 135275
332 , 142873
332 , 142873
332 , 142873
332 , 142873
332 , 135275
332 , 142873
332 , 142873
332 , 142873
332 , 142873
332 , 135275
332 , 142873
332 , 142873
333 , 128727
333 , 128727
333 , 128727
333 , 128727
335 , 178881
336 , 337
336 , 337
336 , 337
336 , 22761
336 , 38237
336 , 337
336 , 337
336 , 337
336 , 337
336 , 337
336 , 337
336 , 100413
336 , 109590
337 , 22761
337 , 38237
337 , 100413
337 , 109590
342 , 192414
342 , 91814
342 , 192414
342 , 133028
342 , 192414
342 , 192346
342 , 139630
343 , 214134
343 , 84104
343 , 157227
343 , 179341
343 , 214134
343 , 214134
343 , 204059
343 , 214134
343 , 214134
343 , 214134
343 , 84104
343 , 157227
343 , 179341
343 , 214134
343 , 156843
343 , 214134
343 , 39245
343 , 23964
343 , 92436
343 , 90783
343 , 20523
343 , 32503
343 , 32504
343 , 30811
343 , 23964
343 , 92436
343 , 90783
343 , 32503
343 , 32504
343 , 170911
343 , 170967
343 , 179871
343 , 192293
343 , 170967
343 , 179871
343 , 137499
343 , 112370
343 , 112370
343 , 128451
343 , 128451
343 , 157874
343 , 137731
343 , 157874
343 , 142495
343 , 171182
343 , 171182
343 , 112365
343 , 112365
343 , 112370
343 , 112370
343 , 174338
343 , 169918
343 , 214134
343 , 84104
343 , 157227
343 , 179341
343 , 214134
343 , 214134
343 , 204059
343 , 214134
343 , 214134
343 , 214134
343 , 84104
343 , 157227
343 , 179341
343 , 214134
343 , 156843
343 , 214134
343 , 215854
343 , 206519
343 , 163704
343 , 195716
343 , 215854
343 , 147470
343 , 60514
343 , 199692
343 , 215854
343 , 172566
343 , 109458
343 , 109458
343 , 201725
343 , 160230
343 , 20484
343 , 51875
343 , 18623
343 , 198479
343 , 199224
343 , 77602
343 , 77602
343 , 66209
343 , 199488
343 , 176572
343 , 120019
343 , 206517
343 , 215854
343 , 215854
343 , 199488
343 , 125857
343 , 215854
343 , 206519
343 , 163704
343 , 195716
343 , 215854
343 , 16791
343 , 51534
343 , 215854
343 , 198571
343 , 211752
343 , 164459
343 , 133235
343 , 147878
343 , 138033
343 , 169586
345 , 186009
346 , 34597
346 , 34597
346 , 142113
346 , 142113
346 , 183844
346 , 103492
346 , 176781
346 , 176782
346 , 183844
347 , 118506
347 , 136942
347 , 73495
347 , 181049
347 , 137877
347 , 144982
347 , 180682
347 , 180865
348 , 77453
348 , 36892
348 , 164130
348 , 121179
348 , 77453
348 , 182179
349 , 93558
349 , 93558
349 , 93558
349 , 126350
349 , 104136
349 , 71969
349 , 71969
349 , 71969
349 , 109865
349 , 109865
349 , 109865
349 , 109865
349 , 109865
349 , 109865
349 , 109865
349 , 109865
349 , 109865
349 , 169352
349 , 93558
349 , 93558
349 , 93558
349 , 126350
349 , 61702
349 , 168761
349 , 31699
349 , 146181
349 , 198463
349 , 2635
349 , 112344
349 , 76642
349 , 93558
349 , 93558
349 , 93558
349 , 126350
349 , 8985
349 , 66729
349 , 200063
349 , 66729
349 , 200063
349 , 205857
349 , 140510
349 , 140510
349 , 214421
349 , 129997
349 , 93558
349 , 93558
349 , 93558
349 , 126350
349 , 170691
349 , 164574
349 , 129997
349 , 93558
349 , 93558
349 , 93558
349 , 126350
349 , 145349
349 , 146796
349 , 179237
349 , 84617
349 , 47210
349 , 143884
349 , 135209
349 , 161338
349 , 29257
349 , 77368
349 , 141121
349 , 77368
349 , 141121
349 , 77368
349 , 141121
349 , 207658
349 , 176635
349 , 178141
349 , 211266
349 , 57104
349 , 112344
349 , 93558
349 , 93558
349 , 93558
349 , 126350
349 , 129997
349 , 93558
349 , 93558
349 , 93558
349 , 126350
349 , 165344
349 , 140510
349 , 140510
349 , 214421
349 , 168719
349 , 215012
349 , 129332
349 , 129332
349 , 100413
349 , 100413
349 , 170691
349 , 33653
349 , 149540
349 , 93558
349 , 93558
349 , 93558
349 , 126350
349 , 255
349 , 55306
350 , 192637
351 , 213984
351 , 213984
351 , 213984
351 , 202095
351 , 202095
351 , 202095
351 , 211197
351 , 211197
351 , 174511
351 , 211197
351 , 211178
351 , 211178
351 , 134818
351 , 211178
351 , 186925
351 , 186925
351 , 186925
351 , 1966
351 , 1966
351 , 1966
351 , 24804
351 , 24804
351 , 24808
351 , 24808
351 , 24804
352 , 35325
352 , 106880
352 , 171497
352 , 35325
352 , 106880
352 , 171497
353 , 207190
353 , 206439
353 , 209851
353 , 209851
353 , 188149
353 , 200189
353 , 200189
353 , 25188
353 , 207190
353 , 206439
353 , 209851
353 , 209851
353 , 188149
353 , 163967
353 , 163967
354 , 203960
354 , 179044
354 , 211070
354 , 202446
354 , 195454
354 , 198181
354 , 212037
354 , 201486
354 , 74044
354 , 112234
354 , 76385
354 , 136234
354 , 149618
354 , 94632
354 , 117490
354 , 161573
354 , 60136
354 , 65334
354 , 93955
354 , 10613
354 , 72112
354 , 198404
354 , 157709
354 , 132221
354 , 214720
355 , 198184
358 , 135645
358 , 135645
359 , 31942
359 , 31942
359 , 31942
359 , 31942
360 , 212294
360 , 212294
360 , 202526
360 , 29540
360 , 184536
360 , 74306
360 , 184536
360 , 71653
360 , 118629
360 , 71653
360 , 29436
360 , 71653
360 , 118629
360 , 71653
360 , 29436
360 , 212294
360 , 212294
360 , 202526
360 , 212294
360 , 212294
360 , 202526
360 , 36738
360 , 212294
360 , 212294
360 , 202526
360 , 212294
360 , 212294
360 , 202526
360 , 212294
360 , 212294
360 , 202526
361 , 370
361 , 370
361 , 370
361 , 370
361 , 370
361 , 57516
361 , 370
361 , 370
363 , 201858
363 , 201858
363 , 201858
363 , 201858
363 , 201858
363 , 201858
363 , 201858
363 , 201858
363 , 201858
363 , 201858
363 , 201858
363 , 201858
363 , 201858
363 , 201858
363 , 201858
363 , 106492
363 , 201858
363 , 201858
363 , 201858
363 , 201858
363 , 201858
363 , 201858
363 , 201858
363 , 201858
363 , 201858
363 , 201858
364 , 365
364 , 365
364 , 365
364 , 365
364 , 365
364 , 365
364 , 365
364 , 365
364 , 365
364 , 365
364 , 365
364 , 365
364 , 365
364 , 365
364 , 365
364 , 365
364 , 365
364 , 365
364 , 365
364 , 365
364 , 365
364 , 365
364 , 365
364 , 365
364 , 365
364 , 365
364 , 365
364 , 365
364 , 365
364 , 365
364 , 365
364 , 365
364 , 163839
364 , 127789
364 , 365
364 , 365
364 , 365
364 , 365
364 , 365
364 , 365
364 , 365
364 , 365
364 , 206851
364 , 215845
364 , 159125
364 , 163202
364 , 163202
364 , 161573
364 , 365
364 , 365
364 , 365
364 , 365
364 , 365
364 , 365
364 , 365
364 , 365
364 , 119709
364 , 58028
364 , 164973
364 , 81097
364 , 162434
364 , 162434
364 , 97034
364 , 97034
364 , 97034
364 , 203937
364 , 132830
364 , 180031
364 , 98690
364 , 159281
364 , 178153
364 , 123551
364 , 215195
364 , 216094
364 , 216094
364 , 216094
364 , 174939
364 , 67021
364 , 140825
364 , 211654
364 , 211654
364 , 365
364 , 365
364 , 365
364 , 365
364 , 365
364 , 365
364 , 365
364 , 365
364 , 365
364 , 365
364 , 365
364 , 365
364 , 365
364 , 365
364 , 365
364 , 365
364 , 365
364 , 365
364 , 365
364 , 365
364 , 365
364 , 365
364 , 365
364 , 365
364 , 188135
364 , 28029
364 , 28029
364 , 365
364 , 365
364 , 365
364 , 365
364 , 365
364 , 365
364 , 365
364 , 365
364 , 365
364 , 365
364 , 365
364 , 365
364 , 365
364 , 365
364 , 365
364 , 365
364 , 180633
364 , 211654
364 , 211654
364 , 365
364 , 365
364 , 365
364 , 365
364 , 365
364 , 365
364 , 365
364 , 365
364 , 365
364 , 365
364 , 365
364 , 365
364 , 365
364 , 365
364 , 365
364 , 365
364 , 365
364 , 365
364 , 365
364 , 365
364 , 365
364 , 365
364 , 365
364 , 365
364 , 365
364 , 365
364 , 365
364 , 365
364 , 365
364 , 365
364 , 365
364 , 365
364 , 365
364 , 365
364 , 365
364 , 365
364 , 365
364 , 365
364 , 365
364 , 365
364 , 180633
365 , 163839
365 , 127789
365 , 206851
365 , 215845
365 , 159125
365 , 163202
365 , 163202
365 , 161573
365 , 119709
365 , 58028
365 , 164973
365 , 81097
365 , 162434
365 , 162434
365 , 97034
365 , 97034
365 , 97034
365 , 203937
365 , 132830
365 , 180031
365 , 98690
365 , 159281
365 , 178153
365 , 123551
365 , 215195
365 , 216094
365 , 216094
365 , 216094
365 , 174939
365 , 67021
365 , 140825
365 , 211654
365 , 211654
365 , 188135
365 , 28029
365 , 28029
365 , 180633
365 , 211654
365 , 211654
365 , 180633
366 , 213540
366 , 213540
366 , 60809
366 , 213540
366 , 213540
366 , 206297
366 , 213540
366 , 213540
366 , 213540
366 , 213540
366 , 213540
366 , 213540
366 , 213540
366 , 163763
367 , 368
367 , 368
367 , 209301
367 , 209301
367 , 54129
367 , 54129
367 , 12640
367 , 48332
367 , 199356
367 , 199356
367 , 183266
367 , 183266
367 , 81246
367 , 81246
367 , 81246
367 , 81246
367 , 78041
367 , 78041
367 , 213725
367 , 213725
367 , 107578
367 , 107578
367 , 41641
367 , 41641
367 , 2866
367 , 2866
367 , 2866
367 , 140764
367 , 2866
367 , 30646
367 , 14320
367 , 14320
367 , 14320
367 , 14320
367 , 60937
367 , 60937
367 , 188618
367 , 188618
367 , 188618
367 , 188618
367 , 134130
367 , 98224
367 , 64518
367 , 64518
367 , 25646
367 , 25646
367 , 146341
367 , 209788
367 , 47513
367 , 47513
367 , 73045
367 , 161282
367 , 153047
367 , 173990
367 , 161282
367 , 173990
367 , 161282
367 , 60937
367 , 60937
367 , 56278
367 , 125194
367 , 56835
367 , 40630
367 , 125194
367 , 56835
367 , 40630
367 , 368
367 , 368
367 , 368
367 , 368
367 , 81246
367 , 81246
367 , 81246
367 , 81246
367 , 78041
367 , 78041
367 , 213725
367 , 213725
367 , 107578
367 , 107578
367 , 41641
367 , 41641
367 , 2866
367 , 2866
367 , 2866
367 , 140764
367 , 2866
367 , 30646
367 , 14320
367 , 14320
367 , 14320
367 , 14320
367 , 60937
367 , 60937
367 , 188618
367 , 188618
367 , 188618
367 , 188618
367 , 134130
367 , 98224
367 , 64518
367 , 64518
367 , 25646
367 , 25646
367 , 146341
367 , 209788
368 , 209301
368 , 209301
368 , 54129
368 , 54129
368 , 12640
368 , 48332
368 , 199356
368 , 199356
368 , 183266
368 , 183266
368 , 81246
368 , 81246
368 , 81246
368 , 81246
368 , 78041
368 , 78041
368 , 213725
368 , 213725
368 , 107578
368 , 107578
368 , 41641
368 , 41641
368 , 2866
368 , 2866
368 , 2866
368 , 140764
368 , 2866
368 , 30646
368 , 14320
368 , 14320
368 , 14320
368 , 14320
368 , 60937
368 , 60937
368 , 188618
368 , 188618
368 , 188618
368 , 188618
368 , 134130
368 , 98224
368 , 64518
368 , 64518
368 , 25646
368 , 25646
368 , 146341
368 , 209788
368 , 47513
368 , 47513
368 , 73045
368 , 161282
368 , 153047
368 , 173990
368 , 161282
368 , 173990
368 , 161282
368 , 60937
368 , 60937
368 , 56278
368 , 125194
368 , 56835
368 , 40630
368 , 125194
368 , 56835
368 , 40630
368 , 81246
368 , 81246
368 , 81246
368 , 81246
368 , 78041
368 , 78041
368 , 213725
368 , 213725
368 , 107578
368 , 107578
368 , 41641
368 , 41641
368 , 2866
368 , 2866
368 , 2866
368 , 140764
368 , 2866
368 , 30646
368 , 14320
368 , 14320
368 , 14320
368 , 14320
368 , 60937
368 , 60937
368 , 188618
368 , 188618
368 , 188618
368 , 188618
368 , 134130
368 , 98224
368 , 64518
368 , 64518
368 , 25646
368 , 25646
368 , 146341
368 , 209788
369 , 213540
369 , 213540
369 , 60809
369 , 213540
369 , 213540
369 , 206297
369 , 213540
369 , 213540
369 , 213540
369 , 213540
369 , 213540
369 , 213540
369 , 213540
369 , 163763
370 , 57516
371 , 213540
371 , 213540
371 , 60809
371 , 213540
371 , 213540
371 , 206297
371 , 213540
371 , 213540
371 , 213540
371 , 213540
371 , 213540
371 , 213540
371 , 213540
371 , 163763
372 , 213540
372 , 213540
372 , 60809
372 , 213540
372 , 213540
372 , 206297
372 , 213540
372 , 213540
372 , 213540
372 , 213540
372 , 213540
372 , 213540
372 , 213540
372 , 163763
373 , 213540
373 , 213540
373 , 60809
373 , 213540
373 , 213540
373 , 206297
373 , 213540
373 , 213540
373 , 213540
373 , 213540
373 , 213540
373 , 213540
373 , 213540
373 , 163763
375 , 213540
375 , 213540
375 , 60809
375 , 213540
375 , 213540
375 , 206297
375 , 213540
375 , 213540
375 , 213540
375 , 213540
375 , 213540
375 , 213540
375 , 213540
375 , 163763
376 , 213540
376 , 213540
376 , 60809
376 , 213540
376 , 213540
376 , 206297
376 , 213540
376 , 213540
376 , 213540
376 , 213540
376 , 213540
376 , 213540
376 , 213540
376 , 163763
377 , 51337
378 , 213540
378 , 213540
378 , 60809
378 , 213540
378 , 213540
378 , 206297
378 , 213540
378 , 213540
378 , 213540
378 , 213540
378 , 213540
378 , 213540
378 , 213540
378 , 163763
379 , 100650
380 , 135645
380 , 135645
382 , 135645
382 , 135645
383 , 210852
383 , 210852
383 , 210852
383 , 210852
383 , 210852
383 , 210852
383 , 210852
383 , 210852
384 , 212803
384 , 211401
384 , 62873
384 , 142702
384 , 197916
384 , 138485
384 , 107011
384 , 141514
384 , 207433
384 , 207433
384 , 159018
384 , 214537
384 , 132805
384 , 94544
384 , 76745
384 , 28570
384 , 147491
384 , 212803
384 , 211401
384 , 62873
384 , 142702
384 , 197916
384 , 138485
384 , 107011
384 , 141514
384 , 207433
384 , 207433
384 , 159018
384 , 214537
384 , 28570
384 , 28570
384 , 181961
384 , 39519
384 , 25100
384 , 22716
384 , 15688
384 , 122214
385 , 212809
385 , 30021
385 , 172294
385 , 212809
385 , 30021
385 , 172294
385 , 40064
385 , 181539
385 , 141330
385 , 155793
385 , 212809
385 , 30021
385 , 172294
386 , 215325
386 , 195210
386 , 215325
386 , 195210
386 , 215325
386 , 215325
386 , 215561
386 , 110390
386 , 164104
386 , 215325
386 , 27254
386 , 37880
386 , 215325
386 , 195210
386 , 215325
386 , 195210
386 , 215325
386 , 215325
386 , 215561
386 , 110390
386 , 164104
386 , 215325
386 , 182129
388 , 215325
388 , 195210
388 , 215325
388 , 195210
388 , 215325
388 , 215325
388 , 215561
388 , 110390
388 , 164104
388 , 215325
388 , 27254
388 , 37880
388 , 215325
388 , 195210
388 , 215325
388 , 195210
388 , 215325
388 , 215325
388 , 215561
388 , 110390
388 , 164104
388 , 215325
388 , 182129
389 , 43134
389 , 104478
389 , 214277
389 , 32177
390 , 215325
390 , 195210
390 , 215325
390 , 195210
390 , 215325
390 , 215325
390 , 215561
390 , 110390
390 , 164104
390 , 215325
390 , 27254
390 , 37880
390 , 215325
390 , 195210
390 , 215325
390 , 195210
390 , 215325
390 , 215325
390 , 215561
390 , 110390
390 , 164104
390 , 215325
390 , 182129
391 , 212813
391 , 92838
391 , 145088
391 , 212813
391 , 92838
391 , 145088
391 , 212813
391 , 92838
391 , 145088
392 , 215325
392 , 195210
392 , 215325
392 , 195210
392 , 215325
392 , 215325
392 , 215561
392 , 110390
392 , 164104
392 , 215325
392 , 27254
392 , 37880
392 , 215325
392 , 195210
392 , 215325
392 , 195210
392 , 215325
392 , 215325
392 , 215561
392 , 110390
392 , 164104
392 , 215325
392 , 182129
393 , 212815
393 , 88331
393 , 48226
393 , 88331
393 , 212815
393 , 88331
393 , 48226
393 , 88331
393 , 93297
393 , 212815
393 , 88331
393 , 48226
393 , 88331
393 , 212815
393 , 88331
393 , 48226
393 , 88331
393 , 22847
393 , 212815
393 , 88331
393 , 48226
393 , 88331
393 , 212815
393 , 88331
393 , 48226
393 , 88331
393 , 93297
393 , 212815
393 , 88331
393 , 48226
393 , 88331
393 , 212815
393 , 88331
393 , 48226
393 , 88331
393 , 206903
393 , 212815
393 , 88331
393 , 48226
393 , 88331
393 , 131732
393 , 212815
393 , 88331
393 , 48226
393 , 88331
393 , 212815
393 , 88331
393 , 48226
393 , 88331
393 , 181961
393 , 206903
393 , 105910
393 , 124396
393 , 212815
393 , 88331
393 , 48226
393 , 88331
393 , 69118
393 , 212815
393 , 88331
393 , 48226
393 , 88331
394 , 190876
394 , 190876
395 , 215406
395 , 209514
395 , 215406
395 , 209514
397 , 212823
397 , 141149
397 , 212823
397 , 141149
397 , 212823
397 , 141149
397 , 196636
397 , 196636
397 , 196636
397 , 196636
397 , 42031
397 , 153047
397 , 215620
397 , 51712
397 , 51712
397 , 212823
397 , 141149
397 , 212823
397 , 141149
398 , 159109
399 , 167283
400 , 111371
400 , 111371
400 , 111371
400 , 111371
400 , 80820
400 , 29196
400 , 35685
400 , 80820
401 , 112321
401 , 112321
401 , 112321
401 , 131886
401 , 131886
401 , 131886
401 , 210449
401 , 210449
401 , 210449
401 , 119398
401 , 119398
401 , 133915
401 , 17712
401 , 131886
401 , 131886
401 , 131886
401 , 210449
401 , 210449
401 , 210449
401 , 119398
401 , 119398
401 , 133915
401 , 17712
401 , 167476
401 , 123674
401 , 123674
401 , 123674
401 , 148067
401 , 148067
401 , 49720
401 , 49720
401 , 1727
401 , 162671
401 , 148067
401 , 148067
401 , 49720
401 , 49720
401 , 1727
401 , 162671
401 , 148067
401 , 148067
401 , 49720
401 , 49720
401 , 1727
401 , 162671
401 , 48916
401 , 48916
401 , 48916
401 , 48916
401 , 48916
401 , 48916
401 , 48916
401 , 48916
401 , 31549
401 , 135001
401 , 49721
401 , 49721
401 , 49721
401 , 104067
401 , 104067
401 , 74051
401 , 74051
401 , 62975
401 , 62975
401 , 62975
401 , 124955
401 , 117036
401 , 80194
401 , 80194
401 , 80194
401 , 215842
401 , 200488
401 , 49177
401 , 166663
401 , 166663
401 , 49177
401 , 166663
401 , 166663
401 , 66758
401 , 101142
401 , 66758
401 , 101142
401 , 159482
401 , 159482
401 , 191460
401 , 191460
401 , 191460
401 , 23372
401 , 191460
401 , 191460
401 , 56804
401 , 203186
401 , 191460
401 , 191460
401 , 191460
401 , 191460
401 , 191460
401 , 23372
401 , 191460
401 , 191460
401 , 56804
401 , 203186
401 , 191460
401 , 191460
401 , 191460
401 , 191460
401 , 191460
401 , 23372
401 , 191460
401 , 191460
401 , 56804
401 , 203186
401 , 191460
401 , 191460
401 , 22647
401 , 52673
401 , 52673
401 , 190306
401 , 131886
401 , 131886
401 , 131886
401 , 210449
401 , 210449
401 , 210449
401 , 119398
401 , 119398
401 , 133915
401 , 17712
401 , 204077
401 , 112321
401 , 112321
401 , 112321
401 , 48916
401 , 48916
402 , 208270
402 , 208270
402 , 208270
402 , 208270
402 , 208270
402 , 208270
402 , 208270
402 , 208270
402 , 192465
402 , 208270
402 , 208270
402 , 208270
402 , 208270
402 , 208270
402 , 208270
402 , 208270
402 , 208270
402 , 70556
402 , 138554
402 , 7771
402 , 196614
402 , 131299
402 , 189853
402 , 202099
402 , 159947
402 , 131299
402 , 131299
402 , 119433
402 , 213508
402 , 205600
402 , 64719
402 , 10989
402 , 138578
402 , 46526
402 , 199531
402 , 149928
402 , 201660
402 , 158111
402 , 115989
402 , 204005
402 , 158111
402 , 115989
402 , 158111
402 , 115989
402 , 210865
402 , 189363
402 , 213403
402 , 106325
402 , 79361
402 , 148401
402 , 79361
402 , 79361
402 , 157837
402 , 200619
402 , 33679
402 , 204578
402 , 199480
402 , 191778
402 , 98511
402 , 157837
402 , 200619
402 , 33679
402 , 123685
402 , 157837
402 , 200619
402 , 33679
402 , 211704
402 , 125350
402 , 211704
402 , 125350
402 , 22399
402 , 199497
402 , 27444
402 , 124875
402 , 89415
402 , 215563
402 , 96681
402 , 28192
402 , 17276
402 , 201311
402 , 61903
402 , 208270
402 , 208270
402 , 208270
402 , 208270
402 , 208270
402 , 208270
402 , 208270
402 , 208270
402 , 192465
402 , 208270
402 , 208270
402 , 208270
402 , 208270
402 , 208270
402 , 208270
402 , 208270
402 , 208270
402 , 205600
402 , 64719
402 , 208270
402 , 208270
402 , 208270
402 , 208270
402 , 208270
402 , 208270
402 , 208270
402 , 208270
402 , 192465
402 , 208270
402 , 208270
402 , 208270
402 , 208270
402 , 208270
402 , 208270
402 , 208270
402 , 208270
402 , 205600
402 , 64719
402 , 208270
402 , 208270
402 , 208270
402 , 208270
402 , 208270
402 , 208270
402 , 208270
402 , 208270
402 , 192465
402 , 208270
402 , 208270
402 , 208270
402 , 208270
402 , 208270
402 , 208270
402 , 208270
402 , 208270
402 , 116469
402 , 9385
402 , 41994
404 , 209368
404 , 209368
404 , 214965
404 , 209368
404 , 209368
404 , 46103
404 , 93462
404 , 181532
404 , 209368
404 , 144904
404 , 119985
404 , 119985
404 , 89310
404 , 167339
404 , 54298
404 , 91067
404 , 74952
404 , 203423
404 , 212955
404 , 141032
404 , 190899
404 , 143538
404 , 62899
404 , 62899
404 , 62899
404 , 62899
404 , 62899
404 , 103546
404 , 103546
404 , 209368
404 , 209368
404 , 214965
404 , 209368
404 , 209368
404 , 46103
404 , 93462
404 , 181532
404 , 209368
404 , 144904
404 , 119985
404 , 119985
404 , 89310
404 , 167339
404 , 54298
404 , 91067
404 , 74952
404 , 203423
404 , 74382
404 , 158645
404 , 158645
405 , 111118
405 , 111118
405 , 111118
405 , 111118
405 , 211076
405 , 211076
405 , 211076
405 , 211076
406 , 146452
406 , 84487
406 , 81240
406 , 195572
406 , 83277
406 , 81522
406 , 17367
406 , 17367
406 , 35417
406 , 68478
406 , 170852
406 , 146452
406 , 84487
406 , 81240
406 , 195572
406 , 83277
406 , 81522
406 , 17367
406 , 17367
406 , 35417
406 , 68478
406 , 170852
406 , 40273
406 , 195722
406 , 85186
406 , 74445
406 , 60548
406 , 60548
406 , 187519
406 , 204581
406 , 147604
406 , 88041
406 , 88041
406 , 36972
406 , 69530
406 , 146453
406 , 146453
406 , 146453
406 , 146453
406 , 146453
406 , 146453
406 , 146453
406 , 146453
406 , 146453
406 , 146453
406 , 146453
406 , 204001
406 , 204001
406 , 4719
406 , 146453
406 , 146453
406 , 4719
406 , 131200
406 , 146453
406 , 167661
406 , 106340
406 , 115856
406 , 95291
406 , 95291
406 , 146453
406 , 146453
406 , 146453
406 , 146453
406 , 146453
406 , 146453
406 , 146453
406 , 42557
406 , 146453
406 , 69511
406 , 146453
406 , 146453
406 , 146453
406 , 172460
406 , 203255
407 , 212403
407 , 70083
407 , 212403
407 , 175555
407 , 212403
409 , 419
409 , 419
409 , 419
409 , 419
409 , 419
409 , 419
409 , 419
409 , 419
409 , 419
409 , 419
409 , 419
409 , 419
409 , 419
409 , 419
409 , 419
409 , 419
409 , 419
409 , 419
409 , 419
409 , 419
409 , 419
409 , 419
409 , 419
409 , 419
409 , 124336
409 , 124336
409 , 139524
409 , 139524
409 , 419
409 , 419
409 , 419
409 , 419
409 , 419
409 , 419
409 , 419
409 , 419
409 , 419
409 , 419
409 , 419
409 , 419
409 , 419
409 , 419
409 , 419
409 , 419
409 , 124336
409 , 124336
409 , 419
409 , 419
409 , 419
409 , 419
409 , 419
409 , 419
409 , 419
409 , 419
409 , 419
409 , 419
409 , 419
409 , 419
409 , 419
409 , 419
409 , 419
409 , 419
409 , 124336
409 , 124336
411 , 11709
414 , 158512
414 , 158512
414 , 170285
414 , 158512
414 , 146948
414 , 146948
414 , 146948
414 , 215048
414 , 215048
414 , 191986
414 , 215048
416 , 419
416 , 419
416 , 419
416 , 419
416 , 419
416 , 419
416 , 419
416 , 419
416 , 419
416 , 419
416 , 419
416 , 419
416 , 419
416 , 419
416 , 419
416 , 419
416 , 419
416 , 419
416 , 419
416 , 419
416 , 419
416 , 419
416 , 419
416 , 419
416 , 124336
416 , 124336
416 , 139524
416 , 139524
416 , 419
416 , 419
416 , 419
416 , 419
416 , 419
416 , 419
416 , 419
416 , 419
416 , 419
416 , 419
416 , 419
416 , 419
416 , 419
416 , 419
416 , 419
416 , 419
416 , 124336
416 , 124336
416 , 419
416 , 419
416 , 419
416 , 419
416 , 419
416 , 419
416 , 419
416 , 419
416 , 419
416 , 419
416 , 419
416 , 419
416 , 419
416 , 419
416 , 419
416 , 419
416 , 124336
416 , 124336
417 , 208270
417 , 208270
417 , 208270
417 , 208270
417 , 208270
417 , 208270
417 , 208270
417 , 208270
417 , 192465
417 , 208270
417 , 208270
417 , 208270
417 , 208270
417 , 208270
417 , 208270
417 , 208270
417 , 208270
417 , 70556
417 , 138554
417 , 7771
417 , 196614
417 , 131299
417 , 189853
417 , 202099
417 , 159947
417 , 131299
417 , 131299
417 , 119433
417 , 213508
417 , 205600
417 , 64719
417 , 10989
417 , 138578
417 , 46526
417 , 199531
417 , 149928
417 , 201660
417 , 158111
417 , 115989
417 , 204005
417 , 158111
417 , 115989
417 , 158111
417 , 115989
417 , 210865
417 , 189363
417 , 213403
417 , 106325
417 , 79361
417 , 148401
417 , 79361
417 , 79361
417 , 157837
417 , 200619
417 , 33679
417 , 204578
417 , 199480
417 , 191778
417 , 98511
417 , 157837
417 , 200619
417 , 33679
417 , 123685
417 , 157837
417 , 200619
417 , 33679
417 , 211704
417 , 125350
417 , 211704
417 , 125350
417 , 22399
417 , 199497
417 , 27444
417 , 124875
417 , 89415
417 , 215563
417 , 96681
417 , 28192
417 , 17276
417 , 201311
417 , 61903
417 , 208270
417 , 208270
417 , 208270
417 , 208270
417 , 208270
417 , 208270
417 , 208270
417 , 208270
417 , 192465
417 , 208270
417 , 208270
417 , 208270
417 , 208270
417 , 208270
417 , 208270
417 , 208270
417 , 208270
417 , 205600
417 , 64719
417 , 208270
417 , 208270
417 , 208270
417 , 208270
417 , 208270
417 , 208270
417 , 208270
417 , 208270
417 , 192465
417 , 208270
417 , 208270
417 , 208270
417 , 208270
417 , 208270
417 , 208270
417 , 208270
417 , 208270
417 , 205600
417 , 64719
417 , 208270
417 , 208270
417 , 208270
417 , 208270
417 , 208270
417 , 208270
417 , 208270
417 , 208270
417 , 192465
417 , 208270
417 , 208270
417 , 208270
417 , 208270
417 , 208270
417 , 208270
417 , 208270
417 , 208270
417 , 116469
417 , 9385
417 , 41994
418 , 419
418 , 419
418 , 419
418 , 419
418 , 419
418 , 419
418 , 419
418 , 419
418 , 419
418 , 419
418 , 419
418 , 419
418 , 419
418 , 419
418 , 419
418 , 419
418 , 419
418 , 419
418 , 419
418 , 419
418 , 419
418 , 419
418 , 419
418 , 419
418 , 124336
418 , 124336
418 , 139524
418 , 139524
418 , 419
418 , 419
418 , 419
418 , 419
418 , 419
418 , 419
418 , 419
418 , 419
418 , 419
418 , 419
418 , 419
418 , 419
418 , 419
418 , 419
418 , 419
418 , 419
418 , 124336
418 , 124336
418 , 419
418 , 419
418 , 419
418 , 419
418 , 419
418 , 419
418 , 419
418 , 419
418 , 419
418 , 419
418 , 419
418 , 419
418 , 419
418 , 419
418 , 419
418 , 419
418 , 124336
418 , 124336
419 , 124336
419 , 124336
419 , 139524
419 , 139524
419 , 124336
419 , 124336
419 , 124336
419 , 124336
421 , 183773
422 , 211545
422 , 211545
422 , 211545
422 , 211545
422 , 636
422 , 211545
422 , 211545
422 , 211545
422 , 211545
422 , 211545
422 , 211545
422 , 211545
422 , 211545
422 , 211545
422 , 636
422 , 211545
422 , 211545
422 , 211545
422 , 211545
422 , 211545
423 , 211545
423 , 211545
423 , 211545
423 , 211545
423 , 636
423 , 211545
423 , 211545
423 , 211545
423 , 211545
423 , 211545
423 , 211545
423 , 211545
423 , 211545
423 , 211545
423 , 636
423 , 211545
423 , 211545
423 , 211545
423 , 211545
423 , 211545
424 , 211545
424 , 211545
424 , 211545
424 , 211545
424 , 636
424 , 211545
424 , 211545
424 , 211545
424 , 211545
424 , 211545
424 , 211545
424 , 211545
424 , 211545
424 , 211545
424 , 636
424 , 211545
424 , 211545
424 , 211545
424 , 211545
424 , 211545
425 , 125448
425 , 174588
425 , 38198
425 , 125448
425 , 174588
425 , 212863
425 , 212863
425 , 125448
425 , 83970
425 , 42468
425 , 125448
425 , 174588
425 , 38198
425 , 125448
425 , 174588
425 , 212863
425 , 212863
425 , 125448
425 , 83970
425 , 42468
425 , 79752
425 , 170711
425 , 20169
425 , 117898
425 , 151664
425 , 214431
425 , 143710
425 , 125448
425 , 174588
425 , 38198
425 , 125448
425 , 174588
425 , 212863
425 , 212863
425 , 125448
425 , 83970
425 , 42468
425 , 211098
425 , 211098
425 , 132560
425 , 211098
425 , 211098
425 , 211098
425 , 132560
425 , 211098
425 , 208821
425 , 125448
425 , 174588
425 , 38198
425 , 125448
425 , 174588
425 , 212863
425 , 212863
425 , 125448
425 , 83970
425 , 42468
425 , 125448
425 , 174588
425 , 38198
425 , 125448
425 , 174588
425 , 212863
425 , 212863
425 , 125448
425 , 83970
425 , 42468
425 , 144673
425 , 108764
425 , 108764
425 , 143710
425 , 125448
425 , 174588
425 , 38198
425 , 125448
425 , 174588
425 , 212863
425 , 212863
425 , 125448
425 , 83970
425 , 42468
425 , 125448
425 , 174588
425 , 38198
425 , 125448
425 , 174588
425 , 212863
425 , 212863
425 , 125448
425 , 83970
425 , 42468
425 , 208821
425 , 181692
425 , 143710
425 , 125448
425 , 174588
425 , 38198
425 , 125448
425 , 174588
425 , 212863
425 , 212863
425 , 125448
425 , 83970
425 , 42468
426 , 211545
426 , 211545
426 , 211545
426 , 211545
426 , 636
426 , 211545
426 , 211545
426 , 211545
426 , 211545
426 , 211545
426 , 211545
426 , 211545
426 , 211545
426 , 211545
426 , 636
426 , 211545
426 , 211545
426 , 211545
426 , 211545
426 , 211545
427 , 208627
427 , 208627
427 , 208627
427 , 57303
427 , 208627
427 , 208627
427 , 208627
427 , 208627
427 , 208627
427 , 57303
427 , 208627
427 , 208627
427 , 208627
427 , 208627
427 , 208627
427 , 57303
427 , 208627
427 , 208627
428 , 211545
428 , 211545
428 , 211545
428 , 211545
428 , 636
428 , 211545
428 , 211545
428 , 211545
428 , 211545
428 , 211545
428 , 211545
428 , 211545
428 , 211545
428 , 211545
428 , 636
428 , 211545
428 , 211545
428 , 211545
428 , 211545
428 , 211545
429 , 211545
429 , 211545
429 , 211545
429 , 211545
429 , 636
429 , 211545
429 , 211545
429 , 211545
429 , 211545
429 , 211545
429 , 211545
429 , 211545
429 , 211545
429 , 211545
429 , 636
429 , 211545
429 , 211545
429 , 211545
429 , 211545
429 , 211545
430 , 207913
430 , 204998
430 , 135117
430 , 201747
430 , 20375
430 , 204998
430 , 61198
430 , 102401
430 , 78822
430 , 78822
430 , 201747
430 , 25690
430 , 210914
430 , 210914
432 , 126928
432 , 126928
432 , 211479
432 , 64582
432 , 126928
432 , 126928
432 , 126928
432 , 126928
432 , 126928
432 , 126928
432 , 126928
432 , 126928
432 , 126928
432 , 187858
432 , 126928
432 , 126928
432 , 126928
432 , 126928
432 , 126928
432 , 126928
432 , 204997
432 , 126928
432 , 126928
432 , 211479
432 , 64582
432 , 126928
432 , 126928
432 , 126928
432 , 126928
432 , 126928
432 , 126928
432 , 126928
432 , 126928
432 , 126928
432 , 187858
432 , 126928
432 , 126928
432 , 126928
432 , 126928
432 , 126928
432 , 126928
432 , 204997
432 , 159835
432 , 159835
432 , 28328
432 , 28328
432 , 28328
432 , 152874
432 , 185138
432 , 152874
432 , 185138
432 , 152874
432 , 185138
432 , 126928
432 , 126928
432 , 211479
432 , 64582
432 , 126928
432 , 126928
432 , 126928
432 , 126928
432 , 126928
432 , 126928
432 , 126928
432 , 126928
432 , 126928
432 , 187858
432 , 126928
432 , 126928
432 , 126928
432 , 126928
432 , 126928
432 , 126928
432 , 204997
432 , 126928
432 , 126928
432 , 211479
432 , 64582
432 , 126928
432 , 126928
432 , 126928
432 , 126928
432 , 126928
432 , 126928
432 , 126928
432 , 126928
432 , 126928
432 , 187858
432 , 126928
432 , 126928
432 , 126928
432 , 126928
432 , 126928
432 , 126928
432 , 204997
433 , 171317
433 , 171317
433 , 171317
433 , 171317
433 , 171317
433 , 171317
433 , 171317
433 , 171317
433 , 171317
434 , 171317
434 , 171317
434 , 171317
434 , 171317
434 , 171317
434 , 171317
434 , 171317
434 , 171317
434 , 171317
435 , 211545
435 , 211545
435 , 211545
435 , 211545
435 , 636
435 , 211545
435 , 211545
435 , 211545
435 , 211545
435 , 211545
435 , 211545
435 , 211545
435 , 211545
435 , 211545
435 , 636
435 , 211545
435 , 211545
435 , 211545
435 , 211545
435 , 211545
436 , 211545
436 , 211545
436 , 211545
436 , 211545
436 , 636
436 , 211545
436 , 211545
436 , 211545
436 , 211545
436 , 211545
436 , 211545
436 , 211545
436 , 211545
436 , 211545
436 , 636
436 , 211545
436 , 211545
436 , 211545
436 , 211545
436 , 211545
437 , 174601
438 , 211545
438 , 211545
438 , 211545
438 , 211545
438 , 636
438 , 211545
438 , 211545
438 , 211545
438 , 211545
438 , 211545
438 , 211545
438 , 211545
438 , 211545
438 , 211545
438 , 636
438 , 211545
438 , 211545
438 , 211545
438 , 211545
438 , 211545
439 , 211545
439 , 211545
439 , 211545
439 , 211545
439 , 636
439 , 211545
439 , 211545
439 , 211545
439 , 211545
439 , 211545
439 , 211545
439 , 211545
439 , 211545
439 , 211545
439 , 636
439 , 211545
439 , 211545
439 , 211545
439 , 211545
439 , 211545
440 , 211545
440 , 211545
440 , 211545
440 , 211545
440 , 636
440 , 211545
440 , 211545
440 , 211545
440 , 211545
440 , 211545
440 , 211545
440 , 211545
440 , 211545
440 , 211545
440 , 636
440 , 211545
440 , 211545
440 , 211545
440 , 211545
440 , 211545
441 , 607
441 , 607
441 , 607
441 , 607
441 , 607
441 , 607
441 , 607
441 , 607
441 , 607
441 , 607
441 , 607
441 , 607
441 , 607
441 , 607
441 , 607
441 , 607
443 , 211545
443 , 211545
443 , 211545
443 , 211545
443 , 636
443 , 211545
443 , 211545
443 , 211545
443 , 211545
443 , 211545
443 , 211545
443 , 211545
443 , 211545
443 , 211545
443 , 636
443 , 211545
443 , 211545
443 , 211545
443 , 211545
443 , 211545
444 , 164063
444 , 164063
444 , 164063
444 , 164063
444 , 164063
444 , 164063
444 , 164063
444 , 164063
444 , 164063
444 , 164063
444 , 164063
444 , 164063
445 , 139246
445 , 139246
445 , 139246
445 , 139246
446 , 213495
447 , 139246
447 , 139246
447 , 139246
447 , 139246
448 , 211545
448 , 211545
448 , 211545
448 , 211545
448 , 636
448 , 211545
448 , 211545
448 , 211545
448 , 211545
448 , 211545
448 , 211545
448 , 211545
448 , 211545
448 , 211545
448 , 636
448 , 211545
448 , 211545
448 , 211545
448 , 211545
448 , 211545
449 , 204322
449 , 55652
449 , 139193
449 , 55652
449 , 55652
450 , 174601
451 , 185362
451 , 185362
451 , 185362
451 , 185362
451 , 31054
451 , 185362
451 , 185362
451 , 185362
451 , 185362
451 , 186075
451 , 186075
451 , 186075
451 , 186075
451 , 185362
451 , 185362
451 , 185362
451 , 185362
451 , 77290
451 , 185362
451 , 185362
451 , 185362
451 , 185362
451 , 185362
451 , 185362
451 , 185362
451 , 185362
452 , 102470
452 , 102470
452 , 174472
452 , 215784
452 , 153083
452 , 212596
452 , 189659
452 , 102470
452 , 102470
452 , 102470
452 , 102470
452 , 102472
453 , 211545
453 , 211545
453 , 211545
453 , 211545
453 , 636
453 , 211545
453 , 211545
453 , 211545
453 , 211545
453 , 211545
453 , 211545
453 , 211545
453 , 211545
453 , 211545
453 , 636
453 , 211545
453 , 211545
453 , 211545
453 , 211545
453 , 211545
454 , 213907
454 , 43478
454 , 43478
454 , 208878
454 , 26526
454 , 194236
454 , 100709
454 , 213907
454 , 43478
454 , 43478
454 , 208878
454 , 26526
454 , 194236
454 , 100709
454 , 213907
454 , 43478
454 , 43478
454 , 208878
454 , 26526
454 , 194236
454 , 100709
455 , 185356
455 , 185356
455 , 185356
455 , 185356
455 , 185356
455 , 185356
455 , 185356
455 , 185356
455 , 185356
455 , 185356
457 , 211545
457 , 211545
457 , 211545
457 , 211545
457 , 636
457 , 211545
457 , 211545
457 , 211545
457 , 211545
457 , 211545
457 , 211545
457 , 211545
457 , 211545
457 , 211545
457 , 636
457 , 211545
457 , 211545
457 , 211545
457 , 211545
457 , 211545
458 , 211545
458 , 211545
458 , 211545
458 , 211545
458 , 636
458 , 211545
458 , 211545
458 , 211545
458 , 211545
458 , 211545
458 , 211545
458 , 211545
458 , 211545
458 , 211545
458 , 636
458 , 211545
458 , 211545
458 , 211545
458 , 211545
458 , 211545
459 , 493
459 , 493
459 , 493
459 , 493
459 , 493
459 , 493
459 , 195266
459 , 195266
459 , 493
459 , 493
459 , 493
459 , 493
459 , 493
459 , 493
459 , 493
459 , 493
459 , 493
459 , 493
459 , 103441
459 , 493
459 , 103441
459 , 493
459 , 124031
459 , 493
460 , 82652
460 , 82652
460 , 82652
460 , 91865
460 , 82652
460 , 82652
460 , 82652
460 , 91865
460 , 205842
460 , 205842
460 , 205842
460 , 1298
460 , 215047
460 , 82652
460 , 82652
460 , 82652
460 , 91865
460 , 194503
460 , 82652
460 , 82652
460 , 82652
460 , 91865
460 , 27298
460 , 27298
460 , 27298
460 , 82652
460 , 82652
460 , 82652
460 , 91865
462 , 466
462 , 466
462 , 466
462 , 178431
463 , 486
463 , 486
463 , 486
464 , 466
464 , 466
464 , 466
464 , 178431
465 , 207426
465 , 127836
465 , 173918
465 , 207195
465 , 127833
466 , 178431
468 , 215629
468 , 215629
468 , 215629
469 , 174600
469 , 534
469 , 174600
469 , 156403
469 , 174600
469 , 534
469 , 174600
469 , 156403
470 , 174601
471 , 213495
472 , 206184
472 , 125543
472 , 108748
472 , 125543
473 , 205094
474 , 211545
474 , 211545
474 , 211545
474 , 211545
474 , 636
474 , 211545
474 , 211545
474 , 211545
474 , 211545
474 , 211545
474 , 211545
474 , 211545
474 , 211545
474 , 211545
474 , 636
474 , 211545
474 , 211545
474 , 211545
474 , 211545
474 , 211545
475 , 82662
475 , 82662
475 , 82662
475 , 82662
475 , 82662
475 , 82662
475 , 82662
475 , 148949
475 , 30273
475 , 82662
475 , 82662
475 , 82662
475 , 82662
475 , 82662
475 , 82662
475 , 82662
475 , 194860
475 , 166250
475 , 82662
475 , 82662
475 , 82662
475 , 82662
475 , 82662
475 , 82662
475 , 82662
475 , 82662
475 , 82662
475 , 82662
475 , 82662
475 , 82662
475 , 82662
475 , 82662
475 , 82662
475 , 82662
475 , 82662
475 , 82662
475 , 82662
475 , 82662
475 , 82662
475 , 82662
475 , 82662
475 , 82662
475 , 82662
475 , 82662
475 , 82662
475 , 82662
475 , 186092
475 , 192076
475 , 76919
475 , 56637
475 , 197112
475 , 122898
475 , 31675
475 , 82662
475 , 82662
475 , 82662
475 , 82662
475 , 82662
475 , 82662
475 , 82662
475 , 189715
475 , 132047
475 , 84382
475 , 30273
475 , 30273
475 , 30273
475 , 122998
475 , 82662
475 , 82662
475 , 82662
475 , 82662
475 , 82662
475 , 82662
475 , 82662
475 , 181539
475 , 146341
475 , 179206
475 , 132560
475 , 82662
475 , 82662
475 , 82662
475 , 82662
475 , 82662
475 , 82662
475 , 82662
475 , 82662
475 , 82662
475 , 82662
475 , 82662
475 , 82662
475 , 82662
475 , 82662
475 , 82662
475 , 82662
475 , 82662
475 , 82662
475 , 82662
475 , 82662
475 , 82662
475 , 82662
475 , 82662
475 , 82662
475 , 82662
475 , 82662
475 , 82662
475 , 82662
476 , 108696
477 , 205091
478 , 41037
478 , 41037
478 , 41037
478 , 41037
479 , 213265
479 , 213265
479 , 14466
479 , 177714
479 , 176420
479 , 96616
479 , 149222
479 , 152571
479 , 119421
479 , 134895
479 , 86615
479 , 163959
479 , 163959
479 , 152571
479 , 4010
481 , 209821
481 , 20305
481 , 209821
481 , 144679
481 , 137090
481 , 137090
481 , 193729
481 , 193729
481 , 71856
481 , 71856
481 , 176863
481 , 1304
481 , 176863
481 , 72386
481 , 72386
481 , 209821
481 , 20305
481 , 209821
481 , 144679
481 , 131498
481 , 170673
481 , 56848
481 , 170673
481 , 214141
481 , 214141
481 , 47750
481 , 36893
481 , 159933
481 , 212389
481 , 212389
481 , 55589
481 , 131498
481 , 137090
481 , 137090
481 , 193729
481 , 193729
481 , 71856
481 , 71856
481 , 176863
481 , 1304
481 , 176863
481 , 72386
481 , 72386
481 , 209821
481 , 20305
481 , 209821
481 , 144679
481 , 131498
481 , 170673
481 , 56848
481 , 170673
481 , 214141
481 , 214141
481 , 204114
481 , 185241
481 , 210017
481 , 210017
481 , 164130
481 , 36892
481 , 164130
481 , 209821
481 , 20305
481 , 209821
481 , 144679
481 , 137090
481 , 137090
481 , 193729
481 , 193729
481 , 71856
481 , 71856
481 , 176863
481 , 1304
481 , 176863
481 , 72386
481 , 72386
481 , 209821
481 , 20305
481 , 209821
481 , 144679
481 , 131498
481 , 170673
481 , 56848
481 , 170673
481 , 214141
481 , 214141
481 , 209821
481 , 20305
481 , 209821
481 , 144679
481 , 180262
481 , 180262
481 , 98134
481 , 98134
481 , 209821
481 , 20305
481 , 209821
481 , 144679
482 , 102605
482 , 102605
482 , 102605
482 , 102605
482 , 102605
482 , 102605
483 , 211545
483 , 211545
483 , 211545
483 , 211545
483 , 636
483 , 211545
483 , 211545
483 , 211545
483 , 211545
483 , 211545
483 , 211545
483 , 211545
483 , 211545
483 , 211545
483 , 636
483 , 211545
483 , 211545
483 , 211545
483 , 211545
483 , 211545
484 , 185356
484 , 185356
484 , 185356
484 , 185356
484 , 185356
484 , 185356
484 , 185356
484 , 185356
484 , 185356
484 , 185356
485 , 211545
485 , 211545
485 , 211545
485 , 211545
485 , 636
485 , 211545
485 , 211545
485 , 211545
485 , 211545
485 , 211545
485 , 211545
485 , 211545
485 , 211545
485 , 211545
485 , 636
485 , 211545
485 , 211545
485 , 211545
485 , 211545
485 , 211545
487 , 125727
487 , 125727
487 , 638
487 , 636
487 , 125727
487 , 41037
487 , 125727
487 , 478
487 , 125727
487 , 125727
487 , 638
487 , 636
487 , 125727
487 , 41037
487 , 125727
487 , 478
488 , 196941
488 , 196941
488 , 196941
488 , 196941
488 , 196941
488 , 79403
488 , 196941
488 , 196941
488 , 196941
488 , 196941
488 , 196941
488 , 196941
488 , 196941
488 , 79403
488 , 196941
488 , 196941
488 , 170616
488 , 170605
488 , 170616
488 , 170616
488 , 170616
488 , 170616
488 , 170616
488 , 170616
488 , 196941
488 , 196941
488 , 196941
488 , 196941
488 , 196941
488 , 79403
488 , 196941
488 , 196941
489 , 89221
489 , 91850
489 , 120057
489 , 129345
489 , 81355
489 , 70627
489 , 55165
489 , 44188
489 , 170622
489 , 89221
489 , 91850
489 , 120057
489 , 129345
489 , 81355
489 , 238
489 , 198466
489 , 198466
489 , 133962
489 , 178476
489 , 89221
489 , 91850
489 , 120057
489 , 129345
489 , 81355
489 , 89221
489 , 91850
489 , 120057
489 , 129345
489 , 81355
490 , 492
490 , 492
490 , 164637
490 , 164637
490 , 140956
491 , 211545
491 , 211545
491 , 211545
491 , 211545
491 , 636
491 , 211545
491 , 211545
491 , 211545
491 , 211545
491 , 211545
491 , 211545
491 , 211545
491 , 211545
491 , 211545
491 , 636
491 , 211545
491 , 211545
491 , 211545
491 , 211545
491 , 211545
492 , 164637
492 , 164637
492 , 140956
493 , 195266
493 , 195266
493 , 103441
493 , 103441
493 , 124031
494 , 73566
495 , 164508
495 , 109458
495 , 171371
495 , 171371
495 , 39571
495 , 108468
495 , 148041
495 , 148041
495 , 198571
495 , 70465
495 , 188733
495 , 39571
495 , 108468
495 , 164369
495 , 96617
495 , 22682
495 , 7218
495 , 137731
495 , 137692
495 , 121519
495 , 164508
495 , 109458
495 , 171371
495 , 171371
495 , 39571
495 , 108468
495 , 148041
495 , 148041
495 , 198571
495 , 70465
495 , 188733
495 , 39571
495 , 108468
495 , 164369
495 , 96617
495 , 22682
495 , 7218
495 , 161603
495 , 161603
495 , 160165
495 , 6221
495 , 6221
496 , 212734
497 , 176718
497 , 176718
497 , 90708
498 , 137442
499 , 198949
500 , 164063
500 , 164063
500 , 164063
500 , 164063
500 , 164063
500 , 164063
500 , 164063
500 , 164063
500 , 164063
500 , 164063
500 , 164063
500 , 164063
501 , 77217
501 , 77217
501 , 80618
502 , 99823
502 , 99823
502 , 99823
503 , 123339
503 , 123339
503 , 123339
503 , 208452
504 , 185356
504 , 125727
504 , 79003
504 , 185356
504 , 125727
504 , 79003
505 , 125727
505 , 125727
505 , 638
505 , 636
505 , 125727
505 , 41037
505 , 125727
505 , 478
505 , 125727
505 , 125727
505 , 638
505 , 636
505 , 125727
505 , 41037
505 , 125727
505 , 478
506 , 211545
506 , 211545
506 , 211545
506 , 211545
506 , 636
506 , 211545
506 , 211545
506 , 211545
506 , 211545
506 , 211545
506 , 211545
506 , 211545
506 , 211545
506 , 211545
506 , 636
506 , 211545
506 , 211545
506 , 211545
506 , 211545
506 , 211545
508 , 213824
508 , 213824
508 , 213824
508 , 213824
508 , 213824
508 , 213824
508 , 66548
508 , 66548
508 , 66548
508 , 66548
508 , 66548
508 , 66548
508 , 81196
508 , 213824
508 , 213824
508 , 213824
508 , 213824
508 , 213824
508 , 213824
508 , 213824
508 , 213824
508 , 213824
508 , 213824
508 , 213824
508 , 213824
508 , 213824
508 , 213824
508 , 213824
508 , 213824
508 , 213824
508 , 213824
508 , 43561
508 , 43561
508 , 213824
508 , 213824
508 , 213824
508 , 213824
508 , 213824
508 , 213824
508 , 213824
508 , 213824
508 , 213824
508 , 213824
508 , 213824
508 , 213824
509 , 211545
509 , 211545
509 , 211545
509 , 211545
509 , 636
509 , 211545
509 , 211545
509 , 211545
509 , 211545
509 , 211545
509 , 211545
509 , 211545
509 , 211545
509 , 211545
509 , 636
509 , 211545
509 , 211545
509 , 211545
509 , 211545
509 , 211545
510 , 180591
510 , 180593
510 , 211543
510 , 180593
510 , 180593
510 , 180591
510 , 180593
510 , 211543
510 , 180593
510 , 180593
510 , 140394
510 , 140394
510 , 140394
510 , 1399
510 , 182079
510 , 1399
510 , 1399
510 , 92297
510 , 180591
510 , 180593
510 , 211543
510 , 180593
510 , 180593
511 , 64756
511 , 60204
511 , 73987
514 , 211545
514 , 211545
514 , 211545
514 , 211545
514 , 636
514 , 211545
514 , 211545
514 , 211545
514 , 211545
514 , 211545
514 , 211545
514 , 211545
514 , 211545
514 , 211545
514 , 636
514 , 211545
514 , 211545
514 , 211545
514 , 211545
514 , 211545
515 , 125727
515 , 125727
515 , 638
515 , 636
515 , 125727
515 , 41037
515 , 125727
515 , 478
515 , 125727
515 , 125727
515 , 638
515 , 636
515 , 125727
515 , 41037
515 , 125727
515 , 478
517 , 185356
517 , 185356
517 , 185356
517 , 185356
517 , 185356
517 , 185356
517 , 185356
517 , 185356
517 , 185356
517 , 185356
518 , 167275
518 , 167275
518 , 167275
518 , 167275
518 , 167275
518 , 7177
518 , 167275
518 , 167275
518 , 167275
518 , 167275
518 , 167275
518 , 167275
518 , 167275
518 , 167275
518 , 167275
518 , 167275
518 , 167275
518 , 167275
518 , 7177
518 , 167275
518 , 167275
518 , 167275
518 , 167275
518 , 167275
518 , 167275
518 , 167275
518 , 172569
518 , 2950
518 , 173440
518 , 173440
518 , 173440
518 , 173440
518 , 173440
518 , 121712
518 , 173440
518 , 173440
518 , 173440
518 , 173440
518 , 173440
518 , 173440
518 , 173440
518 , 167275
518 , 167275
518 , 167275
518 , 167275
518 , 167275
518 , 7177
518 , 167275
518 , 167275
518 , 167275
518 , 167275
518 , 167275
518 , 167275
518 , 167275
518 , 167275
518 , 167275
518 , 167275
518 , 167275
518 , 167275
518 , 7177
518 , 167275
518 , 167275
518 , 167275
518 , 167275
518 , 167275
518 , 167275
518 , 167275
518 , 107349
518 , 199179
520 , 79034
523 , 19696
523 , 19696
524 , 173440
524 , 173440
524 , 173440
524 , 173440
524 , 173440
524 , 121712
524 , 173440
524 , 173440
524 , 173440
524 , 173440
524 , 173440
524 , 173440
524 , 173440
524 , 95294
524 , 26555
524 , 37404
524 , 95294
524 , 95294
524 , 75833
524 , 59424
524 , 119891
524 , 106684
524 , 200034
524 , 173440
524 , 173440
524 , 173440
524 , 173440
524 , 173440
524 , 121712
524 , 173440
524 , 173440
524 , 173440
524 , 173440
524 , 173440
524 , 173440
524 , 173440
524 , 143121
524 , 9554
524 , 173440
524 , 173440
524 , 173440
524 , 173440
524 , 173440
524 , 121712
524 , 173440
524 , 173440
524 , 173440
524 , 173440
524 , 173440
524 , 173440
524 , 173440
524 , 43473
524 , 76811
524 , 27369
524 , 212535
524 , 101482
524 , 101482
524 , 215849
524 , 204403
524 , 13867
524 , 87797
524 , 215841
524 , 32863
524 , 32863
524 , 209328
524 , 172569
524 , 2950
524 , 173440
524 , 173440
524 , 173440
524 , 173440
524 , 173440
524 , 121712
524 , 173440
524 , 173440
524 , 173440
524 , 173440
524 , 173440
524 , 173440
524 , 173440
524 , 143998
524 , 143998
524 , 173440
524 , 173440
524 , 173440
524 , 173440
524 , 173440
524 , 121712
524 , 173440
524 , 173440
524 , 173440
524 , 173440
524 , 173440
524 , 173440
524 , 173440
524 , 139418
524 , 173440
524 , 173440
524 , 173440
524 , 173440
524 , 173440
524 , 121712
524 , 173440
524 , 173440
524 , 173440
524 , 173440
524 , 173440
524 , 173440
524 , 173440
524 , 95294
524 , 26555
524 , 37404
524 , 95294
524 , 95294
524 , 75833
524 , 59424
524 , 119891
524 , 106684
524 , 200034
524 , 173440
524 , 173440
524 , 173440
524 , 173440
524 , 173440
524 , 121712
524 , 173440
524 , 173440
524 , 173440
524 , 173440
524 , 173440
524 , 173440
524 , 173440
524 , 81550
524 , 173440
524 , 173440
524 , 173440
524 , 173440
524 , 173440
524 , 121712
524 , 173440
524 , 173440
524 , 173440
524 , 173440
524 , 173440
524 , 173440
524 , 173440
524 , 215829
524 , 198439
524 , 166994
524 , 102517
524 , 102517
524 , 158343
524 , 168944
524 , 168944
525 , 210772
526 , 76031
526 , 149546
526 , 149546
526 , 76031
526 , 149546
526 , 149546
526 , 90797
526 , 137478
526 , 137478
527 , 205098
527 , 205098
527 , 66636
527 , 205098
527 , 205098
527 , 205098
527 , 66636
527 , 205098
528 , 604
529 , 211545
529 , 211545
529 , 211545
529 , 211545
529 , 636
529 , 211545
529 , 211545
529 , 211545
529 , 211545
529 , 211545
529 , 211545
529 , 211545
529 , 211545
529 , 211545
529 , 636
529 , 211545
529 , 211545
529 , 211545
529 , 211545
529 , 211545
530 , 171321
530 , 171321
530 , 171321
530 , 111677
530 , 171321
530 , 171321
530 , 171321
530 , 171321
530 , 111677
530 , 171321
530 , 209979
530 , 209979
530 , 209979
530 , 209979
531 , 211545
531 , 211545
531 , 211545
531 , 211545
531 , 636
531 , 211545
531 , 211545
531 , 211545
531 , 211545
531 , 211545
531 , 211545
531 , 211545
531 , 211545
531 , 211545
531 , 636
531 , 211545
531 , 211545
531 , 211545
531 , 211545
531 , 211545
532 , 171321
532 , 25652
532 , 25652
532 , 25652
532 , 205098
532 , 66636
532 , 25652
532 , 25652
532 , 171321
532 , 25652
532 , 25652
532 , 25652
532 , 205098
532 , 66636
532 , 25652
532 , 25652
532 , 209979
532 , 8886
532 , 143066
532 , 143066
533 , 211545
533 , 211545
533 , 211545
533 , 211545
533 , 636
533 , 211545
533 , 211545
533 , 211545
533 , 211545
533 , 211545
533 , 211545
533 , 211545
533 , 211545
533 , 211545
533 , 636
533 , 211545
533 , 211545
533 , 211545
533 , 211545
533 , 211545
534 , 174600
534 , 156403
534 , 174600
534 , 156403
535 , 69158
535 , 69158
535 , 86848
535 , 125932
535 , 37653
535 , 1018
535 , 1018
535 , 201344
535 , 139913
535 , 163329
535 , 1389
535 , 69158
535 , 69158
535 , 86848
535 , 125932
535 , 37653
535 , 197994
535 , 72188
536 , 211545
536 , 211545
536 , 211545
536 , 211545
536 , 636
536 , 211545
536 , 211545
536 , 211545
536 , 211545
536 , 211545
536 , 211545
536 , 211545
536 , 211545
536 , 211545
536 , 636
536 , 211545
536 , 211545
536 , 211545
536 , 211545
536 , 211545
537 , 171321
537 , 171321
537 , 171321
537 , 111677
537 , 171321
537 , 171321
537 , 171321
537 , 171321
537 , 111677
537 , 171321
537 , 209979
537 , 209979
537 , 209979
537 , 209979
540 , 211545
540 , 211545
540 , 211545
540 , 211545
540 , 636
540 , 211545
540 , 211545
540 , 211545
540 , 211545
540 , 211545
540 , 211545
540 , 211545
540 , 211545
540 , 211545
540 , 636
540 , 211545
540 , 211545
540 , 211545
540 , 211545
540 , 211545
543 , 211545
543 , 211545
543 , 211545
543 , 211545
543 , 636
543 , 211545
543 , 211545
543 , 211545
543 , 211545
543 , 211545
543 , 211545
543 , 211545
543 , 211545
543 , 211545
543 , 636
543 , 211545
543 , 211545
543 , 211545
543 , 211545
543 , 211545
544 , 211545
544 , 211545
544 , 211545
544 , 211545
544 , 636
544 , 211545
544 , 211545
544 , 211545
544 , 211545
544 , 211545
544 , 211545
544 , 211545
544 , 211545
544 , 211545
544 , 636
544 , 211545
544 , 211545
544 , 211545
544 , 211545
544 , 211545
545 , 211545
545 , 211545
545 , 211545
545 , 211545
545 , 636
545 , 211545
545 , 211545
545 , 211545
545 , 211545
545 , 211545
545 , 211545
545 , 211545
545 , 211545
545 , 211545
545 , 636
545 , 211545
545 , 211545
545 , 211545
545 , 211545
545 , 211545
546 , 211545
546 , 211545
546 , 211545
546 , 211545
546 , 636
546 , 211545
546 , 211545
546 , 211545
546 , 211545
546 , 211545
546 , 211545
546 , 211545
546 , 211545
546 , 211545
546 , 636
546 , 211545
546 , 211545
546 , 211545
546 , 211545
546 , 211545
547 , 211545
547 , 211545
547 , 211545
547 , 211545
547 , 636
547 , 211545
547 , 211545
547 , 211545
547 , 211545
547 , 211545
547 , 211545
547 , 211545
547 , 211545
547 , 211545
547 , 636
547 , 211545
547 , 211545
547 , 211545
547 , 211545
547 , 211545
548 , 211545
548 , 211545
548 , 211545
548 , 211545
548 , 636
548 , 211545
548 , 211545
548 , 211545
548 , 211545
548 , 211545
548 , 211545
548 , 211545
548 , 211545
548 , 211545
548 , 636
548 , 211545
548 , 211545
548 , 211545
548 , 211545
548 , 211545
549 , 583
549 , 583
549 , 583
549 , 583
549 , 583
549 , 583
549 , 583
549 , 583
549 , 583
550 , 211545
550 , 211545
550 , 211545
550 , 211545
550 , 636
550 , 211545
550 , 211545
550 , 211545
550 , 211545
550 , 211545
550 , 211545
550 , 211545
550 , 211545
550 , 211545
550 , 636
550 , 211545
550 , 211545
550 , 211545
550 , 211545
550 , 211545
551 , 579
552 , 213492
552 , 96724
552 , 212790
552 , 166345
552 , 213492
552 , 213494
554 , 211545
554 , 211545
554 , 211545
554 , 211545
554 , 636
554 , 211545
554 , 211545
554 , 211545
554 , 211545
554 , 211545
554 , 211545
554 , 211545
554 , 211545
554 , 211545
554 , 636
554 , 211545
554 , 211545
554 , 211545
554 , 211545
554 , 211545
555 , 182116
555 , 182116
555 , 161236
555 , 182116
555 , 182116
555 , 188146
555 , 188146
555 , 161236
555 , 182116
555 , 182116
555 , 190183
555 , 215654
555 , 37678
555 , 205003
555 , 59555
555 , 59555
555 , 199434
555 , 199434
555 , 142626
555 , 142626
555 , 142626
555 , 137336
555 , 12654
556 , 176996
556 , 79969
556 , 202086
556 , 79969
556 , 202086
558 , 81287
558 , 81287
558 , 81287
558 , 81287
559 , 46852
559 , 46852
559 , 46852
559 , 46852
559 , 46852
559 , 46852
560 , 260
560 , 168199
560 , 168199
560 , 168199
560 , 168199
560 , 168199
560 , 209529
560 , 159601
560 , 1684
560 , 19163
560 , 13964
560 , 3514
560 , 98741
560 , 152884
560 , 3514
560 , 98741
560 , 152884
561 , 211545
561 , 211545
561 , 211545
561 , 211545
561 , 636
561 , 211545
561 , 211545
561 , 211545
561 , 211545
561 , 211545
561 , 211545
561 , 211545
561 , 211545
561 , 211545
561 , 636
561 , 211545
561 , 211545
561 , 211545
561 , 211545
561 , 211545
562 , 211545
562 , 211545
562 , 211545
562 , 211545
562 , 636
562 , 211545
562 , 211545
562 , 211545
562 , 211545
562 , 211545
562 , 211545
562 , 211545
562 , 211545
562 , 211545
562 , 636
562 , 211545
562 , 211545
562 , 211545
562 , 211545
562 , 211545
563 , 211545
563 , 211545
563 , 211545
563 , 211545
563 , 636
563 , 211545
563 , 211545
563 , 211545
563 , 211545
563 , 211545
563 , 211545
563 , 211545
563 , 211545
563 , 211545
563 , 636
563 , 211545
563 , 211545
563 , 211545
563 , 211545
563 , 211545
564 , 174152
564 , 146065
564 , 109722
564 , 204366
564 , 109722
564 , 204366
564 , 90211
564 , 86930
564 , 161002
565 , 211545
565 , 211545
565 , 211545
565 , 211545
565 , 636
565 , 211545
565 , 211545
565 , 211545
565 , 211545
565 , 211545
565 , 211545
565 , 211545
565 , 211545
565 , 211545
565 , 636
565 , 211545
565 , 211545
565 , 211545
565 , 211545
565 , 211545
566 , 74689
566 , 212944
566 , 157757
566 , 74689
566 , 74689
566 , 38665
566 , 74689
566 , 84183
566 , 74689
566 , 38665
566 , 74689
566 , 212944
566 , 157757
566 , 74689
566 , 74689
568 , 208783
568 , 208783
568 , 208783
568 , 208783
568 , 208783
568 , 208783
568 , 208783
568 , 208783
568 , 208783
568 , 208783
568 , 208783
568 , 208783
568 , 163411
568 , 168425
568 , 168343
568 , 183965
568 , 183965
568 , 183965
568 , 204064
568 , 39493
568 , 27369
568 , 27369
568 , 208783
568 , 208783
568 , 208783
568 , 208783
568 , 208783
568 , 208783
568 , 208783
568 , 208783
568 , 208783
568 , 208783
568 , 208783
568 , 208783
568 , 208783
568 , 208783
568 , 208783
568 , 208783
568 , 208783
568 , 208783
568 , 208783
568 , 208783
568 , 208783
568 , 208783
568 , 208783
568 , 208783
568 , 208783
568 , 208783
568 , 208783
568 , 208783
568 , 208783
568 , 208783
570 , 167718
570 , 144853
570 , 144853
570 , 105924
570 , 15852
570 , 55727
571 , 79022
573 , 205043
573 , 205043
573 , 205043
573 , 205043
573 , 205043
573 , 205043
573 , 205043
573 , 205043
573 , 205043
573 , 205043
573 , 205043
573 , 205043
573 , 205043
573 , 205043
573 , 205043
573 , 205043
573 , 168944
573 , 168944
573 , 148985
573 , 148985
573 , 205043
573 , 205043
573 , 205043
573 , 205043
573 , 206512
573 , 206512
573 , 205043
573 , 205043
573 , 205043
573 , 205043
573 , 205043
573 , 205043
573 , 205043
573 , 205043
573 , 205043
573 , 205043
573 , 205043
573 , 205043
574 , 87791
574 , 199599
574 , 77282
574 , 130226
574 , 132250
574 , 81281
574 , 81248
574 , 41086
574 , 41086
574 , 62018
574 , 171334
574 , 90248
574 , 199599
574 , 87791
574 , 48502
574 , 79277
575 , 143832
575 , 120963
575 , 143832
575 , 120963
575 , 104823
575 , 4393
576 , 208270
576 , 208270
576 , 208270
576 , 208270
576 , 208270
576 , 208270
576 , 208270
576 , 208270
576 , 192465
576 , 208270
576 , 208270
576 , 208270
576 , 208270
576 , 208270
576 , 208270
576 , 208270
576 , 208270
576 , 70556
576 , 138554
576 , 7771
576 , 196614
576 , 131299
576 , 189853
576 , 202099
576 , 159947
576 , 131299
576 , 131299
576 , 119433
576 , 213508
576 , 205600
576 , 64719
576 , 10989
576 , 138578
576 , 46526
576 , 199531
576 , 149928
576 , 201660
576 , 158111
576 , 115989
576 , 204005
576 , 158111
576 , 115989
576 , 158111
576 , 115989
576 , 210865
576 , 189363
576 , 213403
576 , 106325
576 , 79361
576 , 148401
576 , 79361
576 , 79361
576 , 157837
576 , 200619
576 , 33679
576 , 204578
576 , 199480
576 , 191778
576 , 98511
576 , 157837
576 , 200619
576 , 33679
576 , 123685
576 , 157837
576 , 200619
576 , 33679
576 , 211704
576 , 125350
576 , 211704
576 , 125350
576 , 22399
576 , 199497
576 , 27444
576 , 124875
576 , 89415
576 , 215563
576 , 96681
576 , 28192
576 , 17276
576 , 201311
576 , 61903
576 , 208270
576 , 208270
576 , 208270
576 , 208270
576 , 208270
576 , 208270
576 , 208270
576 , 208270
576 , 192465
576 , 208270
576 , 208270
576 , 208270
576 , 208270
576 , 208270
576 , 208270
576 , 208270
576 , 208270
576 , 205600
576 , 64719
576 , 208270
576 , 208270
576 , 208270
576 , 208270
576 , 208270
576 , 208270
576 , 208270
576 , 208270
576 , 192465
576 , 208270
576 , 208270
576 , 208270
576 , 208270
576 , 208270
576 , 208270
576 , 208270
576 , 208270
576 , 205600
576 , 64719
576 , 208270
576 , 208270
576 , 208270
576 , 208270
576 , 208270
576 , 208270
576 , 208270
576 , 208270
576 , 192465
576 , 208270
576 , 208270
576 , 208270
576 , 208270
576 , 208270
576 , 208270
576 , 208270
576 , 208270
576 , 116469
576 , 9385
576 , 41994
577 , 198479
577 , 198479
577 , 68927
577 , 208654
577 , 178849
577 , 109458
577 , 109458
577 , 201725
577 , 160230
577 , 20484
577 , 51875
577 , 18623
577 , 198479
577 , 199224
577 , 77602
577 , 77602
577 , 66209
577 , 199488
577 , 198479
577 , 198479
577 , 171247
577 , 65851
577 , 144613
577 , 17712
577 , 63024
577 , 170911
577 , 192293
577 , 137499
577 , 157874
577 , 142495
577 , 27721
577 , 49757
577 , 55305
577 , 169918
577 , 101583
577 , 198479
577 , 198479
577 , 68927
577 , 208654
577 , 178849
577 , 109458
577 , 109458
577 , 201725
577 , 160230
577 , 20484
577 , 51875
577 , 18623
577 , 198479
577 , 199224
577 , 77602
577 , 77602
577 , 66209
577 , 199488
577 , 198479
577 , 198479
577 , 171247
577 , 65851
577 , 138033
577 , 169586
577 , 171194
577 , 128697
580 , 211545
580 , 211545
580 , 211545
580 , 211545
580 , 636
580 , 211545
580 , 211545
580 , 211545
580 , 211545
580 , 211545
580 , 211545
580 , 211545
580 , 211545
580 , 211545
580 , 636
580 , 211545
580 , 211545
580 , 211545
580 , 211545
580 , 211545
581 , 131697
581 , 131697
581 , 128261
581 , 214887
581 , 131697
581 , 131697
581 , 131697
581 , 131697
581 , 128261
581 , 214887
581 , 131697
581 , 131697
581 , 56568
581 , 131697
581 , 131697
581 , 128261
581 , 214887
581 , 131697
581 , 131697
582 , 135329
582 , 135329
582 , 208627
582 , 57303
582 , 135329
582 , 135329
582 , 135329
582 , 135329
582 , 208627
582 , 57303
582 , 135329
582 , 135329
582 , 135329
582 , 135329
582 , 208627
582 , 57303
582 , 135329
582 , 135329
584 , 78947
584 , 138348
584 , 130027
584 , 184713
584 , 33098
584 , 64782
584 , 56757
584 , 114110
584 , 204604
584 , 114110
584 , 174474
584 , 11494
584 , 215431
584 , 43767
584 , 174472
584 , 33098
584 , 109665
584 , 209758
584 , 109665
584 , 109665
584 , 174472
584 , 130027
584 , 174472
585 , 211545
585 , 211545
585 , 211545
585 , 211545
585 , 636
585 , 211545
585 , 211545
585 , 211545
585 , 211545
585 , 211545
585 , 211545
585 , 211545
585 , 211545
585 , 211545
585 , 636
585 , 211545
585 , 211545
585 , 211545
585 , 211545
585 , 211545
586 , 211545
586 , 211545
586 , 211545
586 , 211545
586 , 636
586 , 211545
586 , 211545
586 , 211545
586 , 211545
586 , 211545
586 , 211545
586 , 211545
586 , 211545
586 , 211545
586 , 636
586 , 211545
586 , 211545
586 , 211545
586 , 211545
586 , 211545
587 , 598
588 , 211545
588 , 211545
588 , 211545
588 , 211545
588 , 636
588 , 211545
588 , 211545
588 , 211545
588 , 211545
588 , 211545
588 , 211545
588 , 211545
588 , 211545
588 , 211545
588 , 636
588 , 211545
588 , 211545
588 , 211545
588 , 211545
588 , 211545
590 , 211545
590 , 211545
590 , 211545
590 , 211545
590 , 636
590 , 211545
590 , 211545
590 , 211545
590 , 211545
590 , 211545
590 , 211545
590 , 211545
590 , 211545
590 , 211545
590 , 636
590 , 211545
590 , 211545
590 , 211545
590 , 211545
590 , 211545
591 , 90010
591 , 135117
591 , 201747
591 , 20375
591 , 204998
591 , 25690
591 , 204998
591 , 204998
591 , 204998
591 , 204998
591 , 135117
591 , 201747
591 , 20375
591 , 204998
591 , 61198
591 , 204998
591 , 210908
591 , 210914
591 , 210914
591 , 210914
591 , 210914
591 , 210914
591 , 210914
591 , 210914
592 , 211545
592 , 211545
592 , 211545
592 , 211545
592 , 636
592 , 211545
592 , 211545
592 , 211545
592 , 211545
592 , 211545
592 , 211545
592 , 211545
592 , 211545
592 , 211545
592 , 636
592 , 211545
592 , 211545
592 , 211545
592 , 211545
592 , 211545
593 , 598
594 , 211545
594 , 211545
594 , 211545
594 , 211545
594 , 636
594 , 211545
594 , 211545
594 , 211545
594 , 211545
594 , 211545
594 , 211545
594 , 211545
594 , 211545
594 , 211545
594 , 636
594 , 211545
594 , 211545
594 , 211545
594 , 211545
594 , 211545
595 , 176382
595 , 176382
596 , 183174
596 , 183174
596 , 183174
596 , 107050
596 , 183174
596 , 183174
596 , 183174
596 , 183174
596 , 183174
596 , 183174
597 , 30515
597 , 206995
597 , 171368
597 , 206995
597 , 131513
597 , 171368
597 , 30515
597 , 206995
597 , 171368
597 , 206995
597 , 131513
597 , 171368
597 , 30515
597 , 206995
597 , 171368
597 , 206995
597 , 131513
597 , 171368
599 , 73525
