Exe time  1675.5667769908905 s
Exe time  27.0 min
Exe time  0.0 h
Min time per phrase -0.0h -0.0min 0.0s
Max time per phrase 0.0h 6.0min 0.0412256717682s
Avg time per phrase 0.0h 0.0min 23.9281870399s
Min no of sim ph per phrase 1
Max no of sim ph per phrase 1426
Avg no of sim ph per phrase 105.9
[6.46875524520874, 0.5156383514404297, 0.031249523162841797, 0.1093754768371582, 0.21875500679016113, 0.578106164932251, 5.843749284744263, 21.875011920928955, 360.0412256717682, 351.7101893424988, 34.75001120567322, 12.078128337860107, 0.10936665534973145, 1.7343697547912598, 9.578142404556274, 52.0927197933197, 0.8437507152557373, 0.17189455032348633, 1.296870470046997, 0.046860456466674805, 5.349135637283325, 0.7004926204681396, 0.5000286102294922, 0.0, 0.44767093658447266, 0.0846860408782959, 0.5159995555877686, 41.69238519668579, 19.906254768371582, 0.06250333786010742, 96.4633092880249, 3.8125014305114746, 0.5468699932098389, 0.06250524520874023, 0.3593754768371582, 1.7500181198120117, 63.82812213897705, 218.31256747245789, 0.4687469005584717, 22.031262159347534, 8.031253099441528, 0.8593747615814209, 0.14062881469726562, 0.2187502384185791, 1.421877145767212, 0.03124713897705078, 0.6094210147857666, 0.3593149185180664, 18.953131437301636, 0.7031428813934326, 0.28124403953552246, 10.00000262260437, 20.437506675720215, 0.1250007152557373, 153.7344262599945, 0.5469005107879639, 0.359346866607666, 0.9531264305114746, 0.3906290531158447, 44.343759059906006, 0.31250548362731934, 9.125003337860107, 2.296874761581421, 0.07810401916503906, 0.0625162124633789, 35.468746185302734, 0.5937707424163818, 22.03125023841858, 4.718752145767212, 0.7968807220458984]
[  10    1    3    2    1   12   20   17  404  398  176   15    1   13  190
  572   12    8   51    1    1   32    1    1    1    1    6  569   65    3
  794    6    8    1    2    9  294 1426    7  352    4   12    8    8   23
    1   39    8  130   11   13   46  351    4  586    6    3    5   10  196
    6   81   53    8    3   48    1  250    8    5]
